15.072400000000 -36.803000000000 25.620095346462
-9.708500000000 -33.438900000000 29.273105346462
53.577900000000 -7.344100000000 27.150695346462
15.590600000000 -18.031300000000 31.558365346462
-39.465800000000 -6.026600000000 25.746205346462
-9.682900000000 -5.668200000000 29.653245346462
22.581300000000 12.523500000000 27.126195346462
-29.164900000000 15.554100000000 34.836645346462
-8.142400000000 31.188800000000 30.317365346462
30.015700000000 44.658900000000 24.723125346462
44.868100000000 27.899300000000 37.551055346462
-15.402100000000 56.773300000000 37.595515346462
14.053100000000 52.358700000000 40.509425346462
1.928800000000 9.491000000000 39.986335346462
37.658600000000 -6.204700000000 45.341815346462
8.838900000000 -49.941900000000 47.605035346462
-34.192000000000 -22.824400000000 45.942425346462
61.494400000000 14.258400000000 49.940595346462
16.068300000000 23.170600000000 55.406435346462
30.284200000000 -35.411700000000 56.428105346462
9.750600000000 -15.893500000000 57.199455346462
-11.799000000000 4.720600000000 61.985405346462
-4.805400000000 47.757500000000 59.659845346462
-47.380800000000 10.795000000000 54.242495346462
-10.504300000000 28.568900000000 56.382875346462
-31.765900000000 29.150100000000 64.501675346462
54.788800000000 0.166400000000 61.541145346462
-33.836600000000 -7.594300000000 66.946115346462
-12.281000000000 -20.414200000000 72.449775346462
27.744500000000 -23.407000000000 74.965615346462
50.612000000000 25.149200000000 79.830045346462
50.257900000000 -32.962100000000 84.957545346462
-34.234200000000 9.495500000000 83.131145346462
13.041400000000 31.875400000000 84.486845346462
-6.419100000000 -40.211800000000 83.054545346462
-4.010800000000 51.034500000000 93.174845346462
19.369400000000 -3.671300000000 90.828445346462
-17.290400000000 23.833400000000 89.830145346462
-1.422700000000 -25.269600000000 96.058845346462
20.014300000000 -36.822400000000 99.651245346462
35.877900000000 -21.652300000000 104.650745346462
56.249500000000 -9.105700000000 104.215745346462
-7.624300000000 -1.361500000000 103.517945346462
-42.123600000000 -11.708400000000 105.244645346462
-38.345700000000 16.970900000000 99.528045346462
44.250500000000 27.325000000000 111.072945346462
25.612700000000 48.026700000000 103.281745346462
-14.111600000000 -26.223400000000 109.727345346462
9.104800000000 19.309000000000 106.138645346462
-38.368600000000 35.573700000000 116.671045346462
-14.953700000000 54.864800000000 109.047645346462
-23.304500000000 -10.028600000000 111.778545346462
5.310900000000 -51.063500000000 117.670145346462
28.909600000000 -0.921600000000 116.333945346462
34.686000000000 -44.809500000000 120.003445346462
23.387100000000 25.057100000000 124.772345346462
-44.272900000000 -0.055100000000 123.717345346462
12.716500000000 52.087400000000 124.768945346462
-30.291800000000 -21.796800000000 119.270545346462
-4.227500000000 7.150600000000 124.470245346462
9.473900000000 -33.092200000000 131.856645346462
-6.375300000000 36.328800000000 127.587745346462
60.065700000000 -15.176700000000 123.467845346462
40.434500000000 -20.170200000000 127.499945346462
63.810000000000 4.632700000000 129.849945346462
-26.824500000000 8.553900000000 137.125545346462
34.482600000000 -34.838500000000 138.232845346462
36.650800000000 -4.151700000000 143.464945346462
-21.510100000000 -27.808100000000 147.581045346462
36.482000000000 26.744400000000 144.091045346462
0.021600000000 -7.529700000000 146.704945346462
4.048100000000 15.167900000000 143.428145346462
-28.152100000000 27.613500000000 152.915945346462
51.131700000000 -26.642100000000 149.241245346462
-12.034200000000 49.843700000000 154.290545346462
22.513700000000 38.145300000000 160.699845346462
27.663900000000 -19.420800000000 167.649245346462
25.695600000000 -48.252700000000 162.561845346462
1.832700000000 27.445000000000 161.838445346462
44.435000000000 13.979300000000 165.712445346462
-37.429300000000 -7.466600000000 163.136645346462
-2.349000000000 -6.923400000000 162.491145346462
58.969700000000 -8.084300000000 170.428545346462
-3.497800000000 -30.889800000000 180.827145346462
-26.879600000000 22.490400000000 171.134345346462
19.478400000000 18.489400000000 180.281645346462
-5.972900000000 4.234700000000 177.763045346462
-31.911100000000 11.287500000000 180.599645346462
-15.645200000000 40.202400000000 185.156545346462
14.879200000000 49.598300000000 191.283745346462
-10.597900000000 -5.759800000000 199.735145346462
37.472300000000 50.383300000000 188.196645346462
19.840500000000 -12.461100000000 199.208045346462
39.645200000000 -21.634100000000 192.529445346462
-39.591400000000 2.817200000000 194.999045346462
1.496900000000 24.447900000000 202.264645346462
-11.743500000000 56.271600000000 197.190245346462
13.371400000000 -43.597600000000 198.147245346462
-28.210900000000 26.741800000000 196.730345346462
35.908400000000 21.884900000000 202.018245346462
16.644516400997 -45.102350698337 22.147218207204
-10.705785995599 -35.631254321908 26.782300114995
54.735099686202 -6.454527999676 20.833699515346
14.061533255986 -22.044611761065 31.208535952762
-43.377715096012 -26.656826936547 20.100136845383
-12.150347854105 -17.546913753164 34.395609906868
32.348087552073 7.323740060600 16.178688869621
-31.906725316641 14.272057497554 22.266199685862
-5.387646097316 33.194072183423 28.373110095442
30.374072773216 44.307364982965 24.049866298991
42.492041568666 34.212233727031 35.228652181063
-2.391888393037 5.561685837601 26.359741330732
18.403750228220 53.499546495500 42.442333175496
3.028796461818 -0.410848928916 43.937135733730
38.815879127416 -0.036904563453 42.616689239679
0.405992350937 -56.560131658779 43.665766451840
-35.322374929547 -26.025542832632 43.917348582538
63.965778144032 20.768338623360 46.611033211183
37.050843803614 27.589289035202 58.908301149586
32.242804704372 -45.905089910512 54.534428037176
13.691393298286 -24.028461997340 63.158534674251
-17.849647305190 -5.097735895226 68.407134542675
0.867715205612 55.876056075739 58.318717635471
-61.393851351581 12.603428427224 52.680340084693
-24.103813672248 33.527369583250 61.079897905903
-45.363694899955 37.328701158157 62.280494309915
57.166189430761 -1.031338255797 63.202392809053
-43.527457190642 -23.599199949664 65.832137634483
-14.559372887054 -34.553179748822 73.918031742621
30.177742434724 -27.231269325238 81.104276337921
21.148073685490 1.029831598268 73.030071107365
52.647389748453 -34.098783079050 85.916392545718
-40.454744693552 7.363364974578 81.855926849493
27.753522696535 39.443536829786 86.124574158424
-4.464814258582 -51.045110514334 87.785921572815
-7.179082605956 34.926642416681 97.693145616602
29.884461682963 1.640186382972 87.413789181865
-11.331173562998 25.385925014484 75.505386153316
2.648517078998 -30.939411254188 85.600727985863
17.424421609689 -42.366785532941 97.600649890644
33.639971147344 -24.268451102267 106.442183660298
60.939268004331 -6.026788721603 100.222499608410
-11.977841515434 -4.564083305148 90.476501888016
-56.502404878360 -10.979318600472 86.458883316428
-46.228268275294 29.882602785124 96.516880539655
50.796512163377 28.465968770092 108.166921161947
17.148862113202 54.759723576179 106.571711108365
-20.737732187500 -33.795669680027 103.684776281973
8.479998948743 28.832771838417 101.526943118719
-45.279922591000 45.340872146423 119.916262830497
-22.056343914099 60.715513664171 108.261631521432
-26.895006228545 -16.277819091665 98.775520520276
4.612819873368 -59.355012791079 114.996912114044
39.147863407291 6.778845416108 111.464512301611
7.556604719055 4.765799153618 126.083511556422
21.001774821389 34.974051299290 118.802016988846
-58.943352489353 -0.252689639205 108.323117206178
17.676411675023 58.226571309320 129.100428747558
-35.181273398724 -28.773790454413 123.588462218510
-2.811463640470 10.109145766383 124.812391475904
23.247553637525 -46.053878320721 131.033232532346
-9.362069451517 43.912161950463 125.467700206614
24.287417851836 38.310761986504 217.328028688947
33.406114173005 -43.417604952140 114.712747058235
16.466650311879 -6.317851439803 116.031990243155
-20.914560329607 1.429045676166 116.027787972567
43.803260150368 -45.245343760087 130.744338138123
43.574605948685 -4.997046285527 138.426232260012
-30.973834600630 -34.255837348739 151.692915038323
41.864892850871 35.467502895502 143.290125245670
8.974165343907 -22.710194948985 139.804971927020
11.571379430519 12.705302908620 139.491020503759
-15.806129099611 35.609309632607 153.601173253200
53.890099146762 -35.502060079550 135.014731777338
-8.950844248896 64.132865780749 160.683901087781
32.671253412128 48.428268401538 160.514374477696
32.464102880362 -25.848867667220 172.186473968275
24.114831811272 -55.851440080699 162.908936509053
18.145378622032 29.936704271931 160.623338948692
51.073093090131 6.811770500528 161.562268368172
-49.415791180199 -20.134695484061 164.793933341582
-1.351070078661 -7.462082585375 166.599744129608
-54.445238096879 17.130154283603 138.061893363250
-4.472218376172 -27.423753614391 185.641124527062
-24.236529251555 34.280598497790 173.202250721602
21.881502869203 10.873129965836 180.630601950069
-3.996640948446 -2.687010590744 173.048055737043
-43.389659103794 -0.168668807269 189.487966535666
-10.922708285910 52.893763442035 183.137099010956
16.328503366638 59.711379494588 193.087587114711
-38.399652172495 -25.371514800199 214.840175291961
10.224766490425 40.243107723436 178.933089415829
21.325929335597 -14.899694959258 212.585581160070
51.274814189528 -25.769610915996 193.673684607760
-57.704346018804 -6.635412368315 200.427220230159
22.501605744139 7.680878584586 221.360074646319
7.127614938895 53.485919916943 221.023759658613
13.260160480233 -45.623230202855 199.470902064882
-28.607187470040 33.897372413617 209.103617465028
35.811683477704 25.559122625280 194.786272917334
16.400312053467 -45.290689980843 21.413830488773
-11.375500807759 -36.077932900696 25.180384311643
54.538738764708 -6.431406097943 20.332315350929
14.382112375781 -23.277681204886 30.653059693348
-43.454169220389 -27.453554080735 20.513486271249
-14.773779451613 -13.438492175754 32.281246110996
31.914019254875 7.332172763020 15.729449064515
-32.019631077059 14.275265467993 21.604202473191
-6.068200142803 31.839465808015 28.068148297035
31.621519544647 42.400967193697 21.017475365663
42.316710408558 34.654961223045 35.066698677985
-2.814643111974 4.038653828781 24.284116203592
17.129838924315 49.935250069471 42.252825027708
3.189788434341 -0.637910037299 43.951682583856
38.790640748512 -0.142775423948 42.903068120116
1.347812644537 -61.616502675189 24.955862829611
-37.212086919410 -25.317257209381 43.773328927468
55.933663390506 19.381415189390 48.863575070343
34.895839730622 25.681935279083 58.350555027979
30.111056355043 -42.546058456044 53.206829984353
13.645044717814 -23.414424911687 64.009244747739
-18.346192449979 -5.518175461246 67.543501238132
-1.687194449192 52.706716185306 57.166233968466
-56.625816127996 9.892926672207 51.802921741684
-24.428236671912 32.263030864916 61.118754441529
-46.361105425602 38.333421455929 61.665913637932
54.316151558122 -1.581085965610 62.447238897439
-44.998134532677 -24.342257363666 66.210775356888
-17.731237441494 -38.225337940644 47.470619768140
33.616878812046 -26.172954551114 79.290755714517
21.096652372646 1.131139100480 73.132605231125
52.793851138048 -34.192323952498 85.958576187668
-40.778531792907 8.270592071984 81.802458023962
28.235436283211 40.510723198370 85.725527267827
-2.308287075449 -49.182758777569 83.759157373227
-7.204263336127 33.592831280606 96.860871215002
30.103540921001 1.251949809077 87.920673520873
-11.169646468957 22.196443376622 74.733547577091
3.146069938771 -27.476932322437 91.954098518373
17.819132887966 -42.366610975456 98.051327791085
33.493687676760 -24.355108176751 106.634320635191
57.107023960870 -4.760861988591 98.844888635228
-11.543901223729 -1.598045074439 90.707903018920
-57.176587113746 -11.161166152701 85.352490427209
-46.354162809796 31.164189239399 97.120827481665
51.980364887309 29.198073430369 109.739503858782
16.469250604767 55.099538020924 103.958509838074
-19.951484832367 -27.301971785826 108.740290506692
7.754319433756 29.165231745985 100.474882307552
-38.835343354729 39.792676054567 117.807092925339
-19.700096970894 54.865706219042 106.143800875886
-28.471029805608 -14.330728325083 98.264962180712
3.055188452724 -51.997772538381 118.666487930338
40.879376559594 7.227291778972 110.952241928746
8.606502878029 3.068291932917 123.748561463817
21.446954179160 33.995998967412 117.656158895617
-53.058524207630 -2.999615910054 108.280716998549
12.829755543350 55.995610363311 125.891092888567
-43.253214546410 -24.859946313033 128.609697167569
-2.095400687404 7.692675567603 122.049668819767
23.334661710972 -46.866558515720 134.039193548717
-10.700235758670 45.470884654693 125.480223442252
20.870227748759 37.324942954029 218.035197096984
30.636708613045 -42.960695254520 114.545284592690
17.738451932823 -8.069387438208 114.270177086654
-20.169709894006 -6.445750581973 116.872883293773
44.770604868183 -40.512052921719 127.548136093410
42.207596488192 -4.823887648607 139.672719017986
-30.146883393016 -33.026661005774 152.858249404823
42.317539077416 35.217661602083 142.220308239082
7.062428274347 -21.485331739644 140.816003926467
14.647548831861 10.643776119213 138.428182191000
-11.489142325192 31.616402392979 155.524704950330
52.240138881077 -29.798528359455 133.503455044733
-9.047712769390 60.416033942549 162.437935847064
27.781108922489 46.955870563143 160.775440666908
32.992795369851 -26.271268793368 171.868191027240
23.396309577421 -56.063750548337 162.863712891466
19.829564483284 27.758997235137 160.386260641180
46.832500293665 1.119772941728 162.962940295787
-49.502408611905 -21.028912434645 165.419010557341
1.588966709206 -10.083519300733 168.337405350303
-43.633184297699 8.981155271928 138.637005928461
-4.586644711950 -27.953432238174 186.994773347611
-22.863706275322 29.699196965060 173.933820466544
18.756415229643 8.256521558739 181.372940934525
-1.688415362535 -4.971573610031 174.012590395823
-42.674660463168 -0.067556848724 189.953237595057
-13.738255609678 49.239359078734 185.135096755621
12.978664328719 56.318237162769 194.082319936133
-38.981524877291 -27.222506100311 214.637347795195
6.602279138453 39.856040707889 178.945214248324
21.774245743441 -15.804793318716 211.940117011302
49.302309177108 -23.624650163405 194.777400601932
-56.893523248806 -5.561990036602 202.037902909812
21.971080712321 6.703182017407 220.790720543144
5.283263248875 53.945257584507 220.142567409432
13.245459420887 -45.821749230536 199.595373907772
-29.693982389959 34.236008810561 210.321819912632
33.500982466949 24.402454317289 194.456019497451
16.239304681308 -45.072619227258 21.217963370018
-11.532867122159 -36.161949349042 24.808662255914
54.535175301148 -6.430986492791 20.323216472263
14.436084831826 -23.409885655509 30.629345985884
-43.455556673067 -27.468012701749 20.520987537822
-14.969897002747 -13.303641108980 32.132492419883
31.906141992190 7.332325795647 15.721296476601
-32.021710560269 14.275337432805 21.592202064240
-6.129101058218 31.693113448745 28.095393600182
31.644599086631 42.365780918959 20.961077307596
42.313528582993 34.662995628705 35.063759623706
-2.805186633802 3.966078709058 23.925480220825
17.010202753590 49.645207733492 42.177309577069
3.192710039227 -0.642030633085 43.951946573096
38.790182734551 -0.144696717404 42.908265186299
0.612362858340 -60.020905181590 24.128560662692
-37.437822651471 -25.185490471573 43.797471837861
55.749666297235 19.342689363612 48.859179349569
34.766383773832 25.605352753610 58.339111740307
30.018698563880 -42.386728770138 53.134673470706
13.750451962264 -23.378376119916 63.935811671682
-18.349176618365 -5.514515837351 67.503279566727
-2.202102742994 51.742846823778 56.790440910309
-56.261709920619 9.555797551908 51.393762266745
-24.516513663488 31.903420650304 60.981380958085
-45.882813998234 37.440215916105 61.116990196847
54.257080395615 -1.641554110497 62.415667839446
-45.018776247847 -24.357717611671 66.213027503737
-17.902477332901 -38.243549102084 47.354890531485
33.776737057526 -26.126285755265 79.186546020814
21.102389072576 1.139166792640 73.138499667078
52.796509048903 -34.194021487279 85.959341716113
-40.742333209476 8.404423480318 82.002943442128
28.244181819198 40.530089983305 85.718285556785
-2.246883843752 -49.142260033075 83.459037114014
-6.625231112519 33.984436294193 96.716657739576
30.107516665643 1.244904278463 87.929872214063
-10.804533054686 21.456282552946 75.148128193072
3.126662449124 -27.907714916895 91.759455998380
17.826685042651 -42.383700048603 98.063520132559
33.496190081355 -24.341768422390 106.640653942817
56.463033256266 -4.438620259665 99.045860355092
-11.490599038558 -1.294252664518 90.667776664006
-57.188821848695 -11.164466234616 85.332412141194
-46.323450622366 31.228823686981 97.246766683738
50.856202854198 28.087895649858 110.123248614200
17.772902379423 55.309338226563 102.849508204270
-19.622454736994 -27.160116067973 108.816368203407
7.722505408723 29.629229305170 100.487697493769
-38.556578745667 39.554946644928 117.746320506444
-19.843041795263 54.295822280991 105.865851023516
-28.376420375885 -14.484856494234 98.415867280942
3.159581628729 -51.534902036449 118.930185244592
40.709308543995 5.975369029255 110.645574937454
8.394074187235 2.414397072727 123.685466781518
21.415862173621 33.869837576516 117.747682612402
-53.064812276118 -2.961571129076 107.683026332205
12.173457627988 54.716975721077 126.172270644140
-43.063209806118 -26.883618796826 128.619081440305
-2.288735099292 7.211617759454 121.873009911158
23.227694710885 -46.918291361282 134.224693637496
-10.815290666426 45.520595531478 125.507676858881
20.847197224956 37.050653751870 217.068057324422
30.586450772936 -42.952403477087 114.542245564409
17.092417282143 -9.258785698411 114.572046047278
-23.490192710375 -9.337837347717 120.120576265969
45.037938119380 -40.350846423410 127.421227422703
42.172135219337 -4.722368445404 139.707983979202
-30.299341411110 -33.009146399317 153.141320164447
42.212143083703 34.689492967877 142.005763075254
6.888139634942 -21.554184007808 141.025166666196
15.055882272415 10.305214209216 138.284928325379
-11.362350349693 30.144007474520 155.299251870567
52.243911834018 -29.813716807277 133.288127543548
-9.394776353365 58.811358777104 162.288719713569
27.097468674103 46.454566967382 160.245494769688
33.104735189271 -26.328733390810 171.903110784270
21.724481974863 -54.890000954401 162.692838112317
20.160797094319 27.672770883496 160.421266531471
46.814748159965 1.073980495655 163.068592115723
-49.370395850420 -21.286114292177 165.447988301554
1.810131591423 -11.141824165069 168.302029120198
-43.185396675785 7.880706644850 138.493120392650
-4.688143964570 -28.386190572595 187.117149091270
-22.905579265387 28.031817148649 173.825538711682
18.725516285669 8.204189358785 181.417938477371
-1.222448336244 -6.149290215629 174.087141862175
-42.419761294961 0.032812126029 189.951227014885
-14.238205753055 48.337251663423 184.893013851087
12.298413589117 55.884380256236 193.103770764539
-38.972270654274 -27.297520554715 213.874436900051
6.556854675864 39.772457456172 178.956641030351
22.677885058876 -15.852531258136 211.407135205604
49.142486102906 -23.464306966154 194.837046389082
-57.158875941150 -5.613220396257 202.217850895756
21.881577846334 6.689867410857 219.957688729770
5.296448128039 53.651985712584 219.233170398766
13.319830740275 -46.366846301316 200.063452565358
-29.713705021454 34.242154221020 210.343927264736
33.602188072227 24.204741555763 194.705249309596
16.255768745930 -44.985433554699 21.166062442563
-11.535722930344 -36.163474039138 24.801916422833
54.535110633125 -6.430978877998 20.323051350189
14.437064298000 -23.412284838293 30.628915640927
-43.455581851891 -27.468275089849 20.521123667200
-14.973456049738 -13.301193896679 32.129792909442
31.905999039415 7.332328572810 15.721148527357
-32.021748297730 14.275338738788 21.591984286590
-6.249377404630 31.226893015176 27.804937260304
31.645017923059 42.365142375368 20.960053822764
42.313470840753 34.663141433235 35.063706287162
-2.827036742531 3.571598608530 23.641288730833
16.718690906645 49.108658666310 42.185932126887
3.192763059107 -0.642105411676 43.951951363846
38.667953579212 -0.387498911301 42.640177735519
0.625827931375 -59.543876192719 23.896127850926
-37.441919194965 -25.183099232191 43.797909971787
55.746327206483 19.341986585952 48.859099578142
34.566855688081 24.907535954582 58.404286968772
29.917283179169 -42.138244557939 52.981198518140
13.752364842238 -23.377721923781 63.934479043537
-18.349230773617 -5.514449424257 67.502549643180
-2.710158805260 50.469126038386 56.648680998972
-56.213982063432 9.173086075467 51.227907605391
-24.334848415758 31.227096202736 60.687534193269
-45.122994025890 36.011442984351 60.556605656468
54.256008400568 -1.642651457307 62.415094903070
-45.019150843765 -24.357998176816 66.213068374615
-17.905584912090 -38.243879589483 47.352790332960
33.779638088078 -26.125438832405 79.184654873414
21.102493179447 1.139312475336 73.138606636466
52.773500240962 -34.100896851346 85.927450013183
-40.656679703157 8.492290268305 81.831243035259
28.244340528978 40.530441442403 85.718154137696
-2.245769527436 -49.141525081339 83.453590675898
-6.563427642047 33.037218874843 96.432897385153
30.107588815545 1.244776419562 87.930039147523
-10.052007127742 20.387042706628 74.495389955308
3.126310251337 -27.915532552227 91.755923719544
17.826822095522 -42.384010172883 98.063741393308
33.496235493790 -24.341526338944 106.640768876638
56.451346422698 -4.432772371756 99.049507493203
-11.489631736139 -1.288739585977 90.667048470216
-57.189043878780 -11.164526122915 85.332047770117
-45.773365780919 30.623207929905 97.161569999469
49.890726801254 26.926251389744 110.041912128250
17.460196355880 54.921512760250 102.753470079656
-19.657633618738 -26.901111401084 108.795582718686
7.495508197871 29.213483779229 100.409478656530
-37.836789148862 38.172455774531 117.881374799217
-19.687412523960 52.892600326987 105.280953771894
-28.545197920881 -14.494559970373 98.349592318781
3.540642395377 -49.894671166819 119.192282874638
40.508300545769 4.690690097283 110.180422098657
8.212124356748 1.763096098619 123.617677729869
21.368838752461 33.272172016698 117.506702513382
-52.120416813205 -2.935039859954 107.381006004986
11.367956186619 53.591470244826 126.202944043177
-42.993473201161 -27.707352295561 128.458513689012
-2.408976994294 6.763188132286 121.839480877513
23.254030204030 -46.853742036543 134.249089571277
-10.757466752764 44.725385396311 125.528610922313
20.958742461518 36.624927084744 216.029908472326
30.585538717826 -42.952253001898 114.542190413585
16.457454844388 -10.231285724760 114.627137027870
-25.105806418892 -10.114958500464 121.198513165636
44.993034653564 -40.004960831940 127.274313490895
42.171491685286 -4.720526123732 139.708623950757
-30.402668720282 -33.110274657399 153.311004946545
42.118363715684 34.155744390251 141.799418121377
6.822035915272 -21.770824679397 141.150099322277
15.736622063687 9.852201454542 138.059957712078
-11.007727931472 28.713965245000 155.441932063819
52.012929686036 -29.758852981603 133.048472881344
-9.285507251802 57.322087595834 162.349194344128
27.025923057917 46.093871606187 160.255364129794
33.353215399438 -26.517517635191 171.979624050772
21.694142451626 -54.868700311305 162.689737159010
20.170133348476 27.682157946603 160.398630819038
46.814426002781 1.073149476368 163.070509434137
-49.210908093761 -21.538184886124 165.435773880326
2.410844782821 -12.157040848038 168.318830816863
-42.201699254196 6.643542608665 138.157221241070
-5.139770543145 -28.923319482288 187.185540250889
-22.892455086711 26.493916848752 173.910183157310
18.703314384581 8.230323191945 181.348061155208
-0.830377672462 -7.298371985747 174.002551338148
-42.381539129113 0.005485594120 189.659244459240
-14.736208345137 47.283943053086 184.496973730116
12.080490571300 55.024506461999 191.931150714768
-38.666007348488 -27.764584837095 212.973054323890
6.444420146618 39.577890166047 178.783028785152
22.855591009305 -15.484909607568 210.646478572686
48.841810811440 -22.742776442534 193.885752092835
-57.396202374265 -5.313930401769 202.096655642520
21.911121851403 6.874275049397 219.118346688372
5.405456400569 53.185586432251 218.264793119647
13.271216420095 -46.665901731658 200.329340124554
-29.714062938284 34.242265744973 210.344328458329
33.643612241673 24.124515067513 194.625025054806
16.296630667029 -44.800786716394 21.060600822029
-11.535774756178 -36.163501708480 24.801794002698
54.550499190888 -6.459334220337 20.259004412454
14.550835276368 -23.708241090839 30.579307059403
-43.455582308824 -27.468279851542 20.521126137611
-14.973520637611 -13.301149485847 32.129743920025
31.905996445177 7.332328623209 15.721145842445
-32.021748982572 14.275338762489 21.591980334466
-6.371014649565 30.815368978272 27.597369700477
31.645025523901 42.365130787386 20.960035249053
42.313469792875 34.663144079225 35.063705319236
-2.909945641444 3.049098006975 23.220828871974
16.396024468436 48.764734389081 42.157236367008
3.192764021286 -0.642106768722 43.951951450786
38.602285165270 -0.743670552412 42.276441179807
0.622233426483 -58.868030744431 23.604389216165
-37.441993537066 -25.183055837128 43.797917922831
55.756738483758 19.341536759869 48.808073002471
34.425996392804 23.861975948527 58.842691461920
29.576652502219 -41.264530816514 52.399675983817
13.752399556264 -23.377710051744 63.934454859642
-18.349219679372 -5.514553419960 67.502678092103
-3.529026153636 49.436162290562 56.249410269364
-56.015192233328 8.883404406863 50.958446809807
-24.319760765714 30.033589456112 60.592107178745
-44.658050588849 34.378619493336 60.207336310481
54.688108314153 -2.554329959789 62.169215329562
-45.019157641752 -24.358003268377 66.213069116320
-17.905641306942 -38.243885587010 47.352752219567
33.652213820376 -25.979800491327 79.147740329915
21.102495068728 1.139315119116 73.138608577695
52.731786144996 -33.233271353749 85.572945279208
-39.948502058424 8.682546398676 80.929610424734
28.244343409167 40.530447820514 85.718151752766
-2.265732337033 -48.460825145317 83.392292668599
-6.648776427376 31.463440039448 95.720780858708
30.107590124887 1.244774099240 87.930042176951
-9.939982985603 19.093128363143 73.418708113097
3.126303859821 -27.915674422913 91.755859617446
17.826824582692 -42.384015800869 98.063745408642
33.493440525363 -24.338031512469 106.632753977542
56.621425817043 -4.705697549003 98.866944222808
-11.489614182000 -1.288639537280 90.667035255306
-56.449187332618 -10.969190509896 85.314831114366
-44.686953482063 29.960881235325 97.108512256152
49.155712052519 25.850806669453 110.326307898031
17.480505337053 53.421742523309 102.289813618315
-19.719489232462 -26.251509969616 108.687383264996
7.158440102829 27.847062974888 99.632770089073
-37.028699007476 36.494073090025 117.858935895690
-18.872135460468 50.996586045904 104.968765310553
-28.780196312067 -14.366562774603 97.923600545144
3.725441835976 -48.105429919055 119.720253126848
40.978595350450 3.296444599092 109.656021584517
8.928729433478 0.808048628687 123.761245248001
21.457520284870 32.490740837573 117.192280719798
-50.363645426058 -2.622094871319 106.684620084188
10.772472038813 52.493036669346 126.451640765807
-42.994210796269 -27.740536456309 128.444758970611
-1.675725374047 5.951400627752 122.142880230173
23.453639703149 -45.865727553172 134.639591358452
-10.937931027387 43.174323172326 125.481047267965
20.872697736451 36.225381068902 215.011797441835
30.585522166288 -42.952250271146 114.542189412735
16.713023260473 -11.469002124098 114.845980143594
-24.762601731909 -10.520565869555 121.215128292648
45.007621213886 -39.461245648080 126.904014462280
42.165815711874 -4.717025178138 139.700445851107
-30.678489923605 -33.007558082566 153.272189645441
41.716934478290 33.501092712281 141.916231835965
7.635064370503 -22.820970343899 141.709429627142
16.330926610157 9.471900902070 137.865677423934
-10.634192950730 27.372366899112 155.552056872068
51.974466075006 -29.657797680169 132.491079294786
-9.600480873282 55.981480986567 162.192030111224
26.644298837590 45.516886620206 159.726214883539
33.427820700606 -26.574578945425 171.408161353910
21.835343449226 -54.285085801718 162.519340147574
20.165664292769 27.462036952690 160.012247952359
46.988575106971 0.449083930285 163.197457579047
-49.315970098556 -21.625259063176 165.430039492201
2.832994482701 -13.239514547638 168.346869908613
-41.664345425696 5.636275940745 138.168302557575
-5.579722889098 -29.618518010460 187.262587854970
-22.838076502259 24.962342657883 173.972625431767
18.495075431132 8.226984628220 181.149895762297
-0.538079443646 -8.506434022123 173.960215282801
-42.030528237755 -0.377534130102 189.300280371617
-15.310258609644 46.545652436706 183.955577304113
11.881570993325 54.138296050353 190.741402397604
-38.521870085864 -28.334516704830 211.696480805092
6.221933317476 39.378601166770 178.583847286067
22.753830283923 -14.961147695806 209.961359640660
48.501704072871 -21.568247463331 192.449913701716
-57.097501715298 -4.751052960600 202.172444875871
21.895266646304 7.205857742337 218.299173880895
5.144498084395 52.589959992848 217.263893816802
13.227067261457 -47.046103613517 200.645792513187
-29.714069433587 34.242267768856 210.344335738997
33.944741629691 23.707696812545 194.031214647763
16.310442315254 -44.701680629320 21.006870179578
-11.535775696688 -36.163502210610 24.801791781077
54.588523346232 -6.449257354637 20.177247151463
14.726957045441 -24.107241798373 30.265202651526
-43.455582317116 -27.468279937955 20.521126182443
-14.973521809721 -13.301148679901 32.129743030989
31.905996398098 7.332328624123 15.721145793720
-32.028532916200 14.223866457156 21.574173932075
-6.492522820780 30.300314815558 27.213459714635
31.645025661837 42.365130577093 20.960034911986
42.313469773858 34.663144127243 35.063705301671
-3.086233810726 2.298963175699 22.359000460728
16.209367934389 48.130263654811 42.182214177575
3.192764038747 -0.642106793349 43.951951452364
38.546336335741 -0.819665045394 42.047757883820
0.608578071193 -58.364637282951 23.418910432550
-37.441994886191 -25.183055049616 43.797918067122
55.560848818928 19.507445995530 48.469615127435
34.074131685545 23.180134012393 58.838852746159
29.417965555458 -40.551214533663 51.577290200245
13.708101048776 -22.886447963213 63.956664125060
-18.172324012565 -6.041776130976 67.609838089671
-4.049496299292 48.300905134906 55.718354356930
-55.314630667847 8.557368669758 50.374509413279
-24.099398011885 28.947533310324 59.851575097512
-44.000759201251 33.359711815761 59.146853123598
54.146319808578 -2.707213782922 61.976938505543
-45.019157765119 -24.358003360776 66.213069129780
-17.905642330369 -38.243885695850 47.352751527903
33.561196412365 -25.878311306872 79.124720063895
21.102495103014 1.139315167094 73.138608612924
52.768879912674 -32.672926955730 85.275580155636
-39.510484797781 8.494758603117 80.268384978729
28.244343461435 40.530447936261 85.718151709485
-3.077351476671 -46.964409158198 83.869806567339
-6.825169711911 30.019777310895 94.851699170053
30.107590148648 1.244774057132 87.930042231927
-10.008065370998 17.545071586341 72.587271387272
3.126303743830 -27.915676997514 91.755858454152
17.826824627828 -42.384015903003 98.063745481510
33.050935644769 -23.795165452381 106.062624380795
56.877642530204 -5.179375087342 98.635628358745
-11.292467452731 -2.327528837694 90.212779487971
-55.695515710830 -10.845049681381 85.321378742358
-43.759325839827 29.223040818937 96.856029906962
48.638985154813 24.842733887093 110.684289871769
17.733894311301 51.705275497565 101.531658933872
-19.482661531556 -26.005633736910 107.947425052500
6.680208471711 26.409991170768 98.927281844471
-36.434229838128 34.701900027890 118.082470936645
-18.423722373644 49.356675240356 104.495595708404
-27.856563993055 -14.000084923996 96.892122139394
3.824713506557 -46.943985442054 120.433192826691
41.379784996999 2.204420259538 109.611431325198
9.431128002588 0.002766412062 124.152581325305
22.054305307739 31.769435514711 117.165190206656
-48.713664653133 -2.278163439617 106.617646002422
10.023272387236 51.404307152314 126.663687774393
-42.773774872275 -27.864827184916 128.503947529162
-1.144216212744 5.233006621078 122.485575452487
23.538479075551 -45.723951868654 135.125343003990
-11.007460744063 41.321457587803 126.087659770793
20.774399954261 35.865011685986 213.998314787500
30.028208452747 -42.244133921690 113.702892744110
16.951132499442 -12.586254356272 115.491618588988
-24.296630436886 -11.061124863072 121.327206405481
44.685624997049 -38.589110272635 126.015612292214
42.048443047262 -4.683641747109 139.486237041806
-30.772999789139 -32.996279189941 153.372970754937
41.213785883115 32.485430206612 141.814519027684
7.521067353564 -22.753267115760 141.865809270971
16.823508201184 9.168316781905 137.895738466252
-10.661036481934 26.218056451653 155.709123255308
51.879767665679 -29.194549913830 132.047819709916
-10.394792713143 54.698051167875 161.819677515679
25.786566134630 44.659410736777 158.570447031748
33.478234058324 -26.610775562776 170.838385008470
21.584270645077 -53.463992323424 162.301154948967
19.938538877557 26.786423703906 159.546699493191
47.415966408864 -0.468806204491 163.705226445443
-49.288891612918 -21.882581271829 165.352268311310
3.237532202257 -14.019642886373 168.666931371004
-41.148612326830 4.682345650258 138.453078701197
-5.994951942908 -30.317370906696 187.500394960606
-23.047168375004 23.571052957307 174.150349251776
18.314125839421 8.151313557058 180.867906982249
-0.186767496114 -9.292700472937 174.280615032450
-41.412483739092 -0.773797492919 189.141252672801
-15.898685369932 46.013636813623 183.308208976705
11.715102852053 53.205666410461 189.560147811540
-38.438015971245 -28.810265071824 210.250800403228
5.959843467614 39.137470364108 178.396661827825
22.830651284370 -14.858110099646 209.285469509791
48.454141744805 -20.526330577919 191.141773448858
-56.571255617425 -4.396084901043 202.365161622994
21.569251419120 7.299737033183 217.352821524057
4.977246859640 52.153275177169 216.274067779146
13.247177329274 -47.533327613433 200.953834206071
-29.714069551460 34.242267805585 209.844252878487
34.279320503044 23.034412243764 193.431350111521
16.321628865850 -44.598983928225 20.950189424018
-11.535775713756 -36.163502219723 24.801791740760
54.660152985066 -6.488866127200 19.962141865704
14.363409273569 -24.141452074501 29.342420579281
-43.455582317267 -27.468279939523 20.521126183256
-14.973521830992 -13.301148665275 32.129743014855
31.905996397244 7.332328624140 15.721145792836
-32.143831848299 14.018924810255 21.400106713795
-6.697907570380 29.652118538854 26.539621458167
31.645025664340 42.365130573277 20.960034905870
42.313469773513 34.663144128115 35.063705301352
-3.852777539547 1.672910573640 21.135955522126
15.535406107382 47.208289866519 41.934996150057
3.192764039064 -0.642106793796 43.951951452392
38.611256564666 -0.518405229972 41.836055572306
0.604901430848 -57.841289257187 23.210689355075
-37.441994910674 -25.183055035324 43.797918069741
55.314736597590 19.693069472311 48.145105181850
33.596714625323 22.392753868603 59.099868724448
29.194409392146 -39.922762146203 50.946209110072
13.724108393757 -18.432996522421 62.759275379262
-18.004783957914 -6.411339162635 67.005496408204
-4.915371576644 47.492254139109 55.107679125478
-54.618091332521 7.879645530403 49.446911147107
-24.140037958602 28.141247160896 58.743401204509
-43.759812591935 32.414680731647 57.793792465606
53.355513502429 -3.535286647999 61.378542857119
-44.832444232077 -24.889590269612 65.835302665781
-17.905642348941 -38.243885697825 47.352751515351
33.501504190440 -25.814049399987 79.108422957882
21.102495103636 1.139315167965 73.138608613563
52.799963003348 -32.263228178632 85.031776884114
-39.484805683094 8.350500400904 78.977806623941
28.244343462384 40.530447938362 85.718151708700
-3.839069293949 -46.177995532438 84.144356525436
-6.786910386384 28.737847801804 94.156763794867
30.415900847028 0.844682177002 87.762934607151
-9.994023850662 16.629744684211 71.630433580115
3.126303741725 -27.915677044237 91.755858433041
17.826824628647 -42.384015904857 98.063745482832
32.477117791516 -23.068839605973 105.318715043226
56.270409235782 -4.676042510312 98.227682104200
-10.620661873886 -3.212594189055 89.208840484958
-55.197766700972 -10.778270828554 85.368350627209
-42.616704719915 28.664503569879 96.728345806430
46.814067520775 24.405795923606 111.497784965036
18.012292241544 50.251866512662 101.026044872293
-19.045484113008 -25.570820335412 106.468890125145
6.514362223669 25.138347306608 98.162481380909
-36.048124203873 32.778494639659 118.734600092952
-17.962793936790 47.842200173079 104.367873514770
-27.478221071119 -13.947926402113 95.199944153458
4.373970780627 -45.394353569434 119.721193434521
41.066151633497 2.667772782061 109.045993569909
9.645906770691 -0.039220237253 124.636037858653
22.610391295777 30.956491337360 116.958124832078
-47.216958932154 -1.943078874385 106.481375448166
9.125304789476 50.136467728385 126.817891176981
-42.334171861703 -28.102777053150 128.435460519338
-1.142709271707 4.777202723916 123.060855609371
24.079067176849 -44.824220186302 134.529278338338
-11.335753646296 39.287449136932 126.975006620710
20.428197348473 35.492273242944 212.986191936157
29.907126613935 -41.998871329900 113.227254669346
17.284530850570 -12.809176101943 116.373879578361
-24.636178496849 -11.493623299791 122.657946635577
45.370975376679 -36.901658019192 124.954830601286
42.208583796661 -5.253696763928 139.105581843368
-30.808538797304 -33.403181686288 153.062194149993
40.593599049565 31.448568954883 141.177430097690
8.228009346328 -22.411671428737 142.328316784717
17.072450771476 8.953680964136 137.903510070381
-10.446182403206 25.225306791208 155.966461579287
52.099593040356 -27.211764812849 130.867978836547
-10.328263057835 53.652424349379 161.292888179262
25.452363768284 44.054070528315 157.801620776309
33.520417208898 -26.806926120323 170.275879728128
21.227746274137 -52.707597029413 162.167934687856
19.781824921208 25.965546588894 159.150436108959
47.543691079177 -0.850860376397 163.877348770067
-48.700460385543 -22.434608580795 165.717294083330
3.373895911034 -14.597949323889 169.542774788961
-41.053907222870 4.445345394848 139.219614465346
-6.232440257928 -31.156902061525 188.282694727333
-23.227688073123 22.852943049527 174.523430245203
18.241527120371 8.051598683662 180.459948584128
-0.101748802259 -9.958019608293 175.140637384001
-40.880360761215 -1.133042039089 189.333645842958
-16.377255865693 45.572059523590 182.666644746200
11.679764022160 52.522176727901 188.450415864205
-38.038569077729 -29.646899505346 209.084749773768
6.000699985559 38.867603977399 178.216666701177
23.144966503831 -14.644355522052 208.496632535899
48.727905880814 -19.842774916466 190.227482545762
-56.222391048555 -4.217553305577 202.598193690824
21.046208044882 7.247562752641 216.437527179644
4.581448103960 51.728799618642 215.235556888595
13.511321090781 -48.285066136967 201.356699231674
-29.714069553599 34.242267806251 209.066280651399
34.138480246680 22.548923254694 192.718609849489
16.323201794182 -44.534305226241 20.867743188363
-11.535775714066 -36.163502219888 24.801791740028
54.677865880044 -6.497797397953 19.915780976785
13.935479936488 -23.719214160004 28.202123518732
-43.455582317269 -27.468279939551 20.521126183271
-14.973521831378 -13.301148665009 32.129743014562
31.905996397228 7.332328624140 15.721145792820
-31.976143669557 13.934509989319 21.180400210746
-6.901651497242 29.621661940836 25.822583007607
31.645025664386 42.365130573207 20.960034905759
42.313469773507 34.663144128130 35.063705301347
-4.549629922695 1.731729323125 19.789269578659
15.225062184957 46.720980864568 41.566927088613
3.192764039070 -0.642106793804 43.951951452392
38.629515568664 -0.173446583178 41.678212520609
0.606042099729 -57.316409054652 23.003421051956
-37.441994911119 -25.183055035065 43.797918069789
55.299433506879 19.704868248095 48.127717938787
33.166929690580 21.644206076271 58.801242918200
28.978158330301 -39.240705433659 50.244583837466
13.392022271564 -18.128218201196 62.713077582981
-17.993779037701 -6.465690240743 65.660514283874
-5.634481221088 46.657472472827 54.370961821054
-54.020817740008 6.266495377098 48.716548535847
-24.187670421094 27.399729100157 57.637369749624
-43.472723741111 31.439439118971 56.317941904223
52.121912980725 -4.834506241842 60.791414724464
-44.389561443087 -24.906277145177 65.674647593727
-17.905642349278 -38.243885697861 47.352751515124
33.255884078044 -25.738986072191 78.963871179933
21.390806651597 0.829885258009 72.647962556594
52.553184885293 -31.824960597461 84.804996071344
-39.785059458423 8.850386567683 78.084962719496
28.244343462401 40.530447938400 85.718151708686
-4.032819207945 -45.129539754168 84.172819822227
-6.477488511476 27.791444495320 