0.222359000000 -0.974565000000 0.006249000000 0.027192000000
-0.990432000000 0.016165000000 -0.035543000000 0.132366000000
0.143810000000 0.976731000000 -0.008204000000 0.158897000000
0.029870000000 -0.685211000000 0.228318000000 0.690989000000
0.919778000000 0.367993000000 0.136329000000 0.001907000000
0.932214000000 0.359911000000 0.004168000000 0.037746000000
-0.960939000000 0.234157000000 0.019557000000 0.146234000000
-0.229442000000 -0.581750000000 -0.147331000000 0.766301000000
0.578111000000 0.121980000000 -0.696886000000 0.406519000000
-0.024978000000 -0.750194000000 0.467300000000 0.467136000000
-0.316209000000 0.809473000000 0.197963000000 0.453404000000
0.961202000000 0.256858000000 0.084698000000 0.054226000000
0.453103000000 0.887721000000 0.033848000000 0.074191000000
0.163943000000 0.730057000000 -0.245833000000 0.616202000000
-0.735319000000 0.106696000000 0.644318000000 0.181040000000
-0.947769000000 -0.288306000000 0.013637000000 0.135749000000
0.011662000000 -0.015131000000 0.070708000000 0.997314000000
-0.114527000000 -0.504904000000 0.156757000000 0.841061000000
-0.438504000000 0.896891000000 0.057438000000 0.001583000000
-0.523421000000 0.148792000000 0.829930000000 0.122916000000
-0.176036000000 -0.279643000000 0.317771000000 0.888725000000
-0.016545000000 -0.271999000000 -0.084829000000 0.958408000000
0.092549000000 0.678482000000 -0.054753000000 0.726704000000
-0.252433000000 0.120576000000 0.954685000000 0.101565000000
0.265033000000 -0.963026000000 -0.042595000000 0.022907000000
-0.113863000000 0.065626000000 -0.256652000000 0.957527000000
0.198463000000 0.979576000000 0.027238000000 0.017377000000
0.272329000000 0.956621000000 0.073608000000 0.072760000000
-0.177083000000 -0.976682000000 -0.057731000000 0.106774000000
0.113139000000 -0.512976000000 0.079093000000 0.847231000000
-0.046502000000 0.835158000000 0.083155000000 0.541695000000
-0.051755000000 -0.677987000000 -0.060931000000 0.730713000000
-0.016863000000 0.773420000000 0.077359000000 0.628930000000
0.879471000000 0.429704000000 0.204048000000 0.015775000000
0.225250000000 -0.967127000000 0.089421000000 0.077023000000
-0.560002000000 -0.395638000000 -0.722024000000 0.092463000000
0.768246000000 -0.374064000000 -0.512264000000 0.086368000000
0.710748000000 0.013386000000 0.703319000000 0.000125000000
-0.070850000000 0.985940000000 -0.085390000000 0.124946000000
-0.265511000000 -0.036394000000 0.927242000000 0.261536000000
0.030573000000 0.257569000000 -0.890878000000 0.372907000000
-0.997827000000 0.049945000000 -0.041540000000 0.010989000000
0.088525000000 0.093673000000 0.912447000000 0.388366000000
-0.413590000000 -0.648213000000 0.155144000000 0.620237000000
-0.014155000000 0.634772000000 -0.324324000000 0.701198000000
-0.907893000000 0.263059000000 -0.286886000000 0.155652000000
-0.126258000000 -0.987422000000 -0.094576000000 0.010583000000
0.798465000000 -0.252383000000 -0.533678000000 0.118085000000
0.137057000000 -0.982884000000 0.117880000000 0.035472000000
-0.981023000000 -0.019805000000 -0.186457000000 0.049343000000
0.411161000000 -0.891362000000 -0.012050000000 0.190462000000
-0.039891000000 -0.031251000000 0.079630000000 0.995536000000
-0.032679000000 0.040392000000 -0.992732000000 0.108558000000
-0.068201000000 -0.040672000000 0.195641000000 0.977455000000
-0.563228000000 -0.108568000000 -0.772831000000 0.271514000000
-0.199143000000 0.905978000000 0.199008000000 0.316137000000
-0.660059000000 0.301602000000 0.640227000000 0.251928000000
0.126825000000 0.109602000000 -0.173142000000 0.970528000000
-0.973850000000 -0.218888000000 0.060686000000 0.004663000000
0.658137000000 0.422999000000 -0.513781000000 0.352075000000
0.662145000000 0.013482000000 -0.741036000000 0.110669000000
0.077504000000 0.223195000000 0.197282000000 0.951450000000
-0.052613000000 0.134875000000 0.974185000000 0.173218000000
0.973225000000 0.068562000000 -0.078023000000 0.205049000000
0.236070000000 0.637364000000 -0.222918000000 0.698817000000
-0.012415000000 0.744932000000 0.069544000000 0.663389000000
-0.955268000000 -0.141158000000 -0.110172000000 0.235371000000
-0.943931000000 -0.307220000000 -0.058736000000 0.105643000000
0.970605000000 0.116186000000 -0.066236000000 0.200097000000
0.079812000000 0.078279000000 -0.178751000000 0.977523000000
0.922506000000 0.295784000000 0.047226000000 0.243443000000
0.005440000000 -0.851436000000 -0.106971000000 0.513405000000
-0.838358000000 0.487391000000 0.243994000000 0.008514000000
0.160988000000 0.956835000000 -0.108484000000 0.216287000000
-0.645684000000 -0.018393000000 -0.745801000000 0.162895000000
0.135926000000 -0.988383000000 0.067865000000 0.004253000000
-0.703268000000 0.284221000000 0.573448000000 0.309500000000
-0.215504000000 -0.975354000000 0.043642000000 0.018406000000
-0.294457000000 0.954524000000 -0.040388000000 0.023388000000
0.054898000000 0.480320000000 0.400520000000 0.778372000000
0.683922000000 0.131241000000 0.711978000000 0.090078000000
-0.061206000000 -0.202260000000 0.197863000000 0.957181000000
0.320998000000 0.854636000000 -0.236770000000 0.332411000000
-0.254421000000 -0.966801000000 0.023745000000 0.001292000000
-0.040417000000 -0.130487000000 0.119591000000 0.983381000000
0.777422000000 -0.252692000000 0.561006000000 0.130514000000
0.395515000000 -0.639029000000 0.230409000000 0.618159000000
0.404246000000 -0.159892000000 -0.800299000000 0.412966000000
0.976455000000 0.101659000000 -0.033046000000 0.187376000000
-0.330006000000 0.735660000000 0.509404000000 0.300680000000
-0.233219000000 0.903429000000 -0.046864000000 0.356690000000
-0.052070000000 0.055952000000 0.166415000000 0.983089000000
0.041045000000 -0.015940000000 0.223703000000 0.973662000000
-0.303943000000 -0.919895000000 -0.077245000000 0.235469000000
-0.924525000000 0.295671000000 -0.025363000000 0.239143000000
0.355431000000 -0.761172000000 0.078801000000 0.536728000000
0.299652000000 0.847837000000 -0.072869000000 0.431360000000
0.859975000000 -0.311678000000 0.341691000000 0.215747000000
0.392982000000 0.564596000000 -0.283709000000 0.668062000000
-0.752277000000 -0.390247000000 -0.513559000000 0.134324000000
0.268748143680 -0.962949516870 0.006533819867 0.021446967755
-0.931953018114 -0.017281158016 -0.348760529012 0.097626978904
0.229434707834 0.920805343220 -0.297070541697 -0.105954367509
0.185515585654 -0.678830162580 0.262741480395 0.660106425004
0.945457996879 0.153110907686 0.011295317876 -0.287295391329
0.649069296281 -0.085000161757 -0.253494770322 0.712196898719
-0.832019297624 0.166331975283 0.044004721890 0.527390886186
-0.084304284634 -0.648557060763 -0.077933783260 0.752457873873
0.639326362012 0.182461988219 -0.641254407411 0.383095563362
-0.023346721183 -0.752770975521 0.465560446109 0.464805615329
-0.262330038323 0.769095440837 0.264603256968 0.519288234296
-0.477996019570 -0.243301654057 -0.352420102728 0.766892548928
0.567489696232 0.799784266215 -0.132156085831 0.144344522457
-0.120486600706 0.754402927342 0.091269253348 0.638771575495
-0.813120652348 -0.098700289702 0.568261310244 0.078562973576
-0.912754379742 -0.149849334066 0.222358568797 -0.308190340899
0.013820205693 -0.048314951228 0.284545616680 0.957344483157
0.175449948934 -0.535784646453 0.542440684399 0.622824398971
-0.288801540949 0.951808459774 -0.017243524156 -0.101769281824
-0.527794180157 0.268052752226 0.784697805586 0.183930365423
-0.343532635653 0.362001278238 0.007145089546 0.866538718403
-0.072168840403 -0.454179104303 -0.160536448774 0.873350472780
0.088826540919 0.558883026926 0.485123106787 0.666644717300
0.025317443468 -0.002973152728 0.997228807142 0.069892014032
0.364473056506 -0.918951678766 0.038574394513 0.145599516701
-0.012146723607 0.178847187270 0.069382509667 0.981352234452
0.264038567654 0.956745826559 0.089682767444 0.082934066445
0.187546872846 0.954961874980 0.073212047813 0.217977026028
-0.111785339290 -0.961132978407 -0.112356507326 0.226060724144
0.393452513007 -0.493486732808 0.187990044217 0.752546149964
0.225907708453 0.411646527239 -0.845605908363 -0.253896615997
-0.124230227769 -0.693368579820 -0.006848176485 0.709760498693
0.219154240342 0.734346788527 -0.113994179273 0.632227443419
0.560063958451 0.786330429032 0.260295074228 -0.016102582262
0.281957397403 -0.942792326960 0.012480841721 0.177445436305
-0.599189863470 -0.601314162076 -0.165280290452 -0.502070922869
0.784931791820 -0.315304197343 -0.087618324079 0.526106809131
0.845998962397 -0.080089810735 0.492762221343 0.187234534892
-0.019057636931 0.916216713200 0.226643345929 0.329873513143
0.124978314373 -0.043342039993 0.988267291628 0.076352136867
0.304838769390 0.439614822545 -0.815125651793 0.222221295703
-0.957158874860 0.179997808318 -0.201742975537 0.103669904501
0.184961863226 -0.373836705610 0.660305233707 0.624525599980
0.047743951678 -0.668349688497 0.427519953989 0.606840916472
0.064955073037 0.054809887491 -0.061773299438 0.994465069370
-0.923838271013 0.366052303338 -0.073185854543 0.084689969461
-0.012669562070 -0.977540720730 0.039234167059 -0.206674385559
0.740661044825 -0.245548778766 -0.486451049806 0.393055199773
0.057830399303 -0.989353427318 0.120328119419 -0.057936037553
-0.810647456482 -0.276989935218 -0.339333193551 0.388561785103
0.189411523892 -0.873909121882 -0.031205227222 0.446578498254
-0.137592847258 -0.116350270895 0.298368582283 0.937287048856
0.108599263022 -0.556697321934 -0.806924445530 -0.164824849548
-0.501332727284 -0.799546529417 0.119488863144 0.308404370001
0.135210379931 0.563538319482 -0.517334838293 0.629688320300
-0.042064649158 0.798751858866 0.243386583158 0.548624647996
-0.931415277377 0.097563758178 0.344077499727 0.067509764781
0.250006729836 -0.454402383152 0.294177919742 0.802791667096
-0.890984390655 -0.251984516951 0.297876489063 -0.232207269673
0.839521483428 0.322813261780 -0.415502858119 0.135471959376
0.701918756029 -0.351003206775 -0.619601251844 0.014180884398
0.445877532550 -0.009270507103 -0.099065628541 0.889546673822
0.243258729126 -0.969234149367 -0.034487438240 -0.014865093599
0.791066952505 0.427690063392 -0.388283728382 -0.201320720750
-0.453829534136 0.560142623069 -0.592808982465 0.358965884279
0.144352011678 0.967894934221 -0.188873829960 0.081661309019
-0.825857507060 -0.526060857116 0.048980931057 0.197028477725
-0.847683546893 -0.352210165220 0.176926037551 0.355074331766
0.940006556355 0.328404621672 -0.043170074706 0.081697142694
0.441847671132 0.196367662824 -0.201779367329 0.851760214751
0.794705187239 0.560480217529 0.219831863932 0.077327503089
0.050109273596 -0.686146609088 0.127271200050 0.714488581557
-0.767226452056 0.489664853378 0.232267521889 -0.342992275289
0.011789532902 0.758796498512 -0.520893148048 0.390844226100
-0.989787542628 -0.111064743775 -0.083998096678 0.030488734034
0.314016632034 -0.909969259671 -0.183542994914 -0.199151877417
-0.783231847865 0.413700320919 0.351793207075 0.302723399188
-0.313695117676 -0.925121770973 0.014851242383 -0.213364764236
-0.344853884299 0.794599736844 -0.386790121941 -0.316354956118
0.309427517372 0.192653271414 0.804896073667 0.468275174552
0.574970115225 0.312196837532 0.731679254155 0.191279821916
-0.391937832686 0.178710968831 -0.037254559993 0.901697966444
-0.533793585564 0.425942746263 0.636030149359 0.359308828201
-0.476924754095 -0.845826224007 0.147976286633 -0.187680037052
-0.190931881914 -0.079925001654 0.187182125148 0.960270723601
0.770650412786 -0.331846033488 0.360866091857 0.407126288857
0.231176931801 -0.538023582001 0.343134737828 0.734402071831
0.195508498560 -0.298307686655 -0.694116628849 0.625292776729
0.761938885956 0.171408670474 -0.209658638721 0.588312380427
-0.469016061046 0.831125448396 0.173951972591 0.242889140847
0.242596693431 0.825456932527 -0.324377551816 -0.393124535940
0.551146841337 -0.533676777445 0.531027885941 0.359771650985
-0.412670507055 -0.421469171493 -0.017384243041 0.807319378054
-0.317180104879 -0.827399744831 0.177358196207 0.428194481002
-0.771570655625 0.532674666622 0.053993085054 0.343542093030
0.115448004890 -0.678196042399 -0.143438958451 0.711440195266
0.461424596057 -0.261587793702 -0.750288249100 0.394622239112
0.843799752283 -0.218803494123 0.433478356244 0.228524667540
-0.283958063886 0.718749802881 0.243773115211 0.585953246526
-0.777648195595 -0.198192644512 -0.585474795492 -0.114900928596
0.242777691979 -0.969335887119 -0.028143089969 0.025590949713
-0.958303806379 -0.008082786168 -0.285117338877 0.017221681659
0.222394657584 0.917520841362 -0.306382793346 -0.121760855316
0.179503169646 -0.646456301721 0.258590846810 0.694984630045
0.949364811013 0.143179620939 -0.021440830480 -0.278830311384
0.600624944877 -0.071876151913 -0.031966047410 0.795651724180
-0.841427191126 0.212728726966 0.070592506072 0.491694487302
-0.078182865573 -0.650069424368 -0.075947082047 0.752016770931
0.589519330260 0.145479691621 -0.665644386671 0.433843484530
0.025543191517 -0.786835106531 0.450128525033 0.421452691828
-0.257485115900 0.766110546615 0.270061823126 0.523299777512
-0.487816366564 -0.270882131167 -0.363707181702 0.745905590209
0.559305720326 0.799819947935 -0.181454984605 0.120578815127
-0.130921123105 0.769871211558 0.062326168742 0.621508990947
-0.809905596759 -0.095545352464 0.573109690162 0.080431915329
-0.450603859143 -0.603557310999 -0.185805220603 -0.630992198416
0.036470458147 -0.073969968350 0.201266564021 0.976058461196
0.304474166323 -0.318713930042 0.542209072768 0.715350427586
-0.220474929006 0.968582151862 -0.047622991643 -0.104744791950
-0.449735602399 0.329680441430 0.813466266704 0.165291643492
-0.430805990706 0.155702127890 -0.073079161443 0.885902072413
-0.061023369880 -0.415974401546 -0.147054898593 0.895330275589
0.076972907439 0.525903811370 0.572812092104 0.624008541486
-0.002863113119 0.109684450474 0.993719298392 0.021979078915
0.364055677346 -0.915349662049 0.044614925945 0.166156457481
-0.155120663631 0.403745929924 0.110499223915 0.894827762923
0.135590517862 0.989270714081 0.022906536678 0.049335142700
0.171554628448 0.947828171858 0.126334235462 0.237129557499
-0.070000853389 0.478871296760 0.809220086369 -0.333084093707
0.368382278537 -0.462482808296 0.386494648425 0.707831926116
0.222900523391 0.404168614005 -0.846297987469 -0.265975195331
-0.129198071602 -0.692742223339 -0.005774808527 0.709494694754
0.224868663536 0.724548877542 -0.096707710210 0.644290793817
0.569390718019 0.773125721017 0.278451461541 -0.023143320876
0.159100077153 -0.871043288663 -0.131925727346 0.445607851356
-0.589765133905 -0.629858313896 -0.172313406190 -0.475145957884
0.778659465597 -0.310513931194 -0.085842084856 0.538425177381
0.841079377561 -0.049929815777 0.502622991388 0.193552635389
0.069294303975 0.952726829520 0.216993493135 0.201056488793
0.073850200902 -0.065988287751 0.991387859320 0.085684339871
0.313148047765 0.443086745309 -0.811248005620 0.217919961657
-0.924754456128 0.191106838997 -0.126464109473 0.303832521258
0.101220417981 -0.290558117295 0.573979090796 0.758866530285
0.048927883774 -0.665577925686 0.412872257482 0.619797213635
0.084442733214 0.046925692232 -0.041589950629 0.994453458047
-0.933738217511 0.356924077345 -0.003595561512 0.026929836759
0.012367754027 -0.984593193128 0.040895044933 -0.169560838656
0.834514096718 -0.109447957650 -0.374612955563 0.388937656276
0.045919475719 -0.990596941847 0.126206378103 -0.026096947700
-0.794420999100 -0.095171299327 -0.539055095697 0.263167824357
0.082251679069 -0.814188037374 0.019676345472 0.574408689451
-0.172536291622 0.034407015186 0.209103889504 0.961937081505
-0.114794157869 -0.629468309615 -0.762335198821 -0.097144187413
-0.477923430658 -0.839559071195 0.053691877360 0.252679525700
0.131595147576 0.582000514376 -0.537586341816 0.595784393463
-0.044435161808 0.747758952917 0.278375857622 0.601156341246
-0.931901056667 -0.141293095064 0.311534339406 0.120594515805
0.273111199519 -0.495160044242 0.364054815489 0.740061412724
-0.702216395902 -0.548990897770 0.328758955060 -0.312119651672
0.836678998879 0.348516997144 -0.405397054732 0.118984803863
0.716924000310 -0.431415865682 -0.547618446564 0.003790197814
0.423400289743 0.033389207059 -0.138793581960 0.894624891843
0.203335645991 -0.977411445827 -0.052271551006 0.024272733507
0.736801628199 0.576864465152 -0.214955935103 -0.279543727335
-0.446773581641 0.561127928237 -0.614633438663 0.328259883291
0.269222023181 0.916183576649 -0.200503062292 -0.218919341596
-0.734740808285 -0.631766440032 0.180331804572 0.168841790298
-0.858428273702 -0.410422028646 0.030787078201 0.306115685856
0.922639270192 0.374869542208 -0.041785088824 0.080396578141
0.399591519512 0.286402378545 -0.325915437379 0.807514348341
0.818831242593 0.525830917438 0.227484832629 0.035607489989
0.049238872771 -0.693672690352 0.131344779620 0.706500021893
-0.765631854558 0.424040381999 0.276090911953 -0.397204514145
-0.151259988315 0.633315985893 -0.627747961573 0.426572121321
-0.991520417691 -0.123558918003 -0.030604585947 -0.026149845180
0.511732966030 -0.728515655817 -0.329626133575 -0.314230684008
-0.783772743654 0.419163780135 0.343681672863 0.303125253759
-0.333805217184 -0.911701414060 0.011768950460 -0.239240674609
-0.431809132831 0.726433315981 -0.383084521391 -0.372936669834
0.457235553135 -0.097913080938 0.846085594821 0.255905927574
0.548789976771 0.327708518614 0.734505994982 0.227898292137
-0.454307452160 0.232609981670 -0.039835340781 0.859017159878
-0.521717986530 0.299374252758 0.713649844379 0.359011558218
-0.496027522993 -0.825883257519 0.129707926942 -0.234626075006
-0.259486709190 -0.093536770514 0.117726957003 0.953969540347
0.686774903327 -0.370954585398 0.384637713446 0.492733961816
0.158925431824 -0.521539537315 0.322426886036 0.773808840282
0.198191378741 -0.332882728176 -0.663214363917 0.640356130735
0.700923953786 0.266080416579 -0.230840790612 0.620176871797
-0.393067252344 0.895346228203 0.084664764560 0.191533663933
0.239794642437 0.732486399827 -0.405097210155 -0.491791067275
0.563522762405 -0.602142379157 0.488225636567 0.285486215557
-0.389704904436 -0.435320010477 -0.013917519293 0.811438770699
-0.308853799038 -0.828333947428 0.086979490698 0.459245871572
-0.732038289832 0.572043565257 0.044216603263 0.367329543686
0.116305104234 -0.647383883281 -0.173271234491 0.733037727334
0.459744538118 -0.258966197244 -0.719395731908 0.451709253024
0.842153229184 -0.209104170328 0.440833600592 0.229606448332
-0.269625479903 0.698135991187 0.213302179212 0.628021033676
-0.792115078299 -0.243704975190 -0.540621387381 -0.144534090458
0.229198158643 -0.971976197993 -0.043403721441 0.029096246753
-0.964164571025 -0.004305066880 -0.265246207222 -0.003549075021
0.222266447475 0.917457826385 -0.306550405976 -0.122047579773
0.178637342898 -0.643985707544 0.258100828464 0.697678343184
0.949424398865 0.142999972233 -0.022035449813 -0.278673209572
0.613415357708 -0.057088660300 -0.043632995440 0.786484993819
-0.841568456484 0.213566916134 0.071059282753 0.491021673369
-0.078072760169 -0.650096080657 -0.075912290456 0.752008679598
0.585036063743 0.144179247769 -0.667079398486 0.438121244347
0.026438170540 -0.787416978567 0.449820188027 0.420639184393
-0.257396888351 0.766055884959 0.270160610576 0.523372207401
-0.496076666850 -0.274441551917 -0.364531418937 0.738719581300
0.555537142615 0.801684473161 -0.184466446387 0.121048002153
-0.131102810646 0.770140804546 0.061796403463 0.621189503077
-0.809846878589 -0.095488113824 0.573197439589 0.080465822601
-0.463415135803 -0.530277660439 -0.104000793811 -0.702307517854
0.039264348780 -0.075837383446 0.188072337689 0.978435382630
0.306987497851 -0.312951759540 0.539739624495 0.718680047111
-0.218068963467 0.968945165353 -0.048381690094 -0.106067930003
-0.446851496524 0.331431575360 0.814649211510 0.163778854237
-0.427928691487 0.124406027994 -0.084511314713 0.891211542164
-0.060464400804 -0.414570607326 -0.146732033564 0.896071971497
0.072867455323 0.501376790555 0.593044246784 0.625787639063
-0.013979113171 0.108098474300 0.993832152699 0.020419512970
0.358963169658 -0.915618176043 0.049714262390 0.174118610846
-0.169095606790 0.426979423081 0.054611638239 0.886630033892
0.131166627958 0.989965267760 0.022446748522 0.047541853351
0.171674128138 0.947730071371 0.127282215125 0.236928139442
-0.057058882708 0.506925124980 0.798698648834 -0.319142084217
0.366460303701 -0.459989948447 0.394677437144 0.705936125828
0.222892239672 0.403859832501 -0.846134273996 -0.266970177277
-0.129288179242 -0.692730579630 -0.005755304304 0.709489807697
0.228750834914 0.723800886746 -0.102347835479 0.642892100157
0.569556588559 0.772881572281 0.278779113860 -0.023271728195
0.155404390305 -0.864288444795 -0.135592231407 0.458769774996
-0.595843201009 -0.630605897661 -0.197078354772 -0.456582088706
0.778544339887 -0.310426001323 -0.085809177598 0.538647559702
0.830248881097 -0.045904435628 0.526007680900 0.178593106979
0.067404038634 0.951849975282 0.222168295851 0.200198822299
0.072245844956 -0.066306311817 0.991576028922 0.084622631533
0.313049605596 0.443104840206 -0.811232614022 0.218081844657
-0.921298979479 0.170692582251 -0.120903992154 0.327802467131
0.087426531077 -0.286234977237 0.567083947481 0.767360369044
0.048947568484 -0.665525336404 0.412604902301 0.620030125672
0.086473453581 0.048785991375 -0.041032923811 0.994212536651
-0.940606800305 0.339005496183 0.017406438619 -0.005580024481
-0.001493246621 -0.989641454508 0.031989241411 -0.139943739295
0.837257808349 -0.104501954838 -0.377461832025 0.381577343612
0.015834144344 -0.992497491709 0.121158651898 -0.004311599887
-0.793262000142 -0.093757246107 -0.544849931884 0.255114738224
0.085399279755 -0.821266719852 0.014154750791 0.563939341517
-0.164727699225 0.033456848741 0.206587793423 0.963881169019
-0.123947516732 -0.622781412815 -0.767867976484 -0.084611439178
-0.470156412749 -0.841999954950 0.053589931135 0.259069764148
0.148151278706 0.587723058535 -0.531177022425 0.592016702410
-0.039732727935 0.738176872996 0.287658927139 0.608907674563
-0.930481040228 -0.167982665722 0.307978418743 0.105527964927
0.288729719924 -0.492849880395 0.337416911845 0.748253948756
-0.757752965164 -0.471377228237 0.246405589426 -0.378018832843
0.847270009084 0.336984132325 -0.394047776349 0.115332459536
0.718132713504 -0.441747291581 -0.537721763030 0.000204303029
0.420645422471 0.036477703372 -0.141678948188 0.895351261434
0.204852168868 -0.977380425686 -0.042093189174 0.031484215423
0.735594048243 0.579114231691 -0.211458708474 -0.280737096680
-0.427924290619 0.572503644452 -0.618921408305 0.325663428911
0.405792320119 0.882425611947 -0.091118553607 -0.219897797855
-0.730168835712 -0.635109305743 0.189933537412 0.165574431843
-0.858325243064 -0.409248993444 0.026320864929 0.308383285141
0.922117687910 0.377663736784 -0.040857240923 0.073483041755
0.416732715834 0.292762857411 -0.312224020705 0.801960044995
0.822498313595 0.518303151883 0.231930278085 0.032660572383
0.055833191980 -0.691635409241 0.122514679287 0.709586688655
-0.764545827788 0.423851789422 0.277294637257 -0.398656521286
-0.156420243918 0.625335681112 -0.635221650409 0.425419143988
-0.991392005282 -0.121947286921 -0.034062979678 -0.033323632618
0.495484207580 -0.715851741770 -0.355071502346 -0.340552363179
-0.780385309015 0.422516780687 0.347647522530 0.302687197600
-0.369236286071 -0.894906159414 0.014117407853 -0.250216365744
-0.436308488085 0.721314969943 -0.389409397526 -0.371079423412
0.460221000434 -0.105538527370 0.843742964930 0.255256849331
0.540841137176 0.332102359767 0.738272465559 0.228369554828
-0.464293013148 0.237059058341 -0.055059762093 0.851588764251
-0.503367592472 0.282297915318 0.728837706698 0.368408131223
-0.502275934698 -0.826904143517 0.106348807510 -0.229430499279
-0.260136801888 -0.098892184715 0.114547818677 0.953639332946
0.684385581546 -0.373109299208 0.385686676020 0.493610792585
0.162245809701 -0.512140513335 0.320803845082 0.780046976032
0.198505976685 -0.329503810974 -0.665883948065 0.639234842201
0.702839709566 0.261067200799 -0.230277802744 0.620348605937
-0.398149466214 0.892364774827 0.075968264435 0.198471494173
0.237519125655 0.718882576969 -0.410002526648 -0.508616194809
0.561898803634 -0.601942012892 0.499798107669 0.268584063490
-0.350286130521 -0.432869180320 -0.005215354274 0.830600204415
-0.307591577059 -0.828886802829 0.084280316967 0.459598648813
-0.728505460818 0.578741028189 0.044146968554 0.363853900647
0.125045731127 -0.663042642722 -0.171429764646 0.717878718763
0.472342505699 -0.260989022299 -0.711131757334 0.450631680268
0.852627517880 -0.196443668567 0.430708216883 0.221193654389
-0.269362908375 0.697742840039 0.212734102156 0.628762876246
-0.791987583205 -0.233513540551 -0.543912290911 -0.149621235872
0.228422353701 -0.972126233890 -0.044426850202 0.028636841549
-0.964262401279 -0.004232855403 -0.264886138746 -0.003929111101
0.222264120633 0.917456681698 -0.306553447270 -0.122052783063
0.178621598166 -0.643940777637 0.258091943446 0.697727130255
0.949425476507 0.142996712258 -0.022046240812 -0.278670357428
0.613644065350 -0.056820471280 -0.043845114438 0.786314187233
-0.841571010306 0.213582125779 0.071067748209 0.491009455434
-0.078070762011 -0.650096564304 -0.075911659075 0.752008532675
0.578369960857 0.137976171386 -0.670799601509 0.443259133152
0.026454413463 -0.787427523004 0.449814586505 0.420624414164
-0.257395287140 0.766054892824 0.270162403234 0.523373521702
-0.496971031120 -0.275741727004 -0.365144084111 0.737330381889
0.547716512173 0.803485124116 -0.195358133492 0.127489126183
-0.131106105272 0.770145693312 0.061786788120 0.621183703141
-0.807980079368 -0.095687283226 0.575954867887 0.079297700666
-0.464845244606 -0.534661456292 -0.115255753243 -0.696255798588
0.039315187305 -0.075870487240 0.187832511889 0.978476843206
0.307032978668 -0.312846984284 0.539694593084 0.718740050804
-0.210640492859 0.970127627843 -0.060472525162 -0.104048268434
-0.443904713402 0.332609352243 0.814976338879 0.167729518233
-0.427872315346 0.123836561550 -0.084717839608 0.891298308893
-0.060454249136 -0.414545121251 -0.146726177494 0.896085406112
0.069433357775 0.481839314588 0.599447319688 0.635352496386
-0.022027484913 0.111636264320 0.993398061809 0.014574813617
0.352365612635 -0.912943221597 0.045960676769 0.200650854380
-0.138892820587 0.371920592861 0.029001676731 0.917356397341
0.131086323756 0.989977656689 0.022438457089 0.047509268821
0.171676295180 0.947728282409 0.127299417652 0.236924483032
-0.056825757392 0.507428748542 0.798498851348 -0.318883180563
0.366425061963 -0.459944566544 0.394825659086 0.705901103979
0.222892088014 0.403854222598 -0.846131295240 -0.266988230465
-0.128459722342 -0.695082242725 -0.003812819674 0.707350152322
0.233084077471 0.723232182878 -0.112736743483 0.640232339974
0.569559597579 0.772877140108 0.278785059316 -0.023274058673
0.155336853094 -0.864163924216 -0.135658187769 0.459007658156
-0.586957485546 -0.635243037574 -0.201029077852 -0.459928802353
0.778542250214 -0.310424405288 -0.085808580191 0.538651595002
0.832949545332 -0.039592790569 0.517402252721 0.192151957433
0.067369688642 0.951833753383 0.222262148853 0.200183336371
0.072216724346 -0.066312060767 0.991579410300 0.084603359212
0.313047818982 0.443105168453 -0.811232334435 0.218084782341
-0.921227056602 0.170318286475 -0.120809351683 0.328233898344
0.087175426281 -0.286156684888 0.566957031552 0.767511902918
0.048947925121 -0.665524381289 0.412600049968 0.620034351712
0.082394336393 0.031852917238 -0.072360012580 0.993458903817
-0.943481665810 0.327103064489 0.032195514854 -0.042536811189
0.007604398434 -0.991190549143 0.021897506432 -0.130399262371
0.837629642365 -0.096266089114 -0.380607149908 0.379799446758
0.014889852280 -0.993784183510 0.110284489693 0.002936024147
-0.788415355458 -0.109753864881 -0.553275147947 0.245442309078
0.097686888449 -0.821807153516 0.038706346831 0.559992940108
-0.165551538703 0.031941776525 0.201152215783 0.964940514763
-0.134015446559 -0.631154329455 -0.759845757006 -0.079488980706
-0.469431485294 -0.839961969848 0.054119755171 0.266775227342
0.162962468555 0.586778005312 -0.527783410849 0.592097523688
-0.044678555595 0.728612553570 0.286251952413 0.620634669666
-0.931150467971 -0.151208601418 0.314101776132 0.106933807029
0.295468681471 -0.506864934424 0.312258573062 0.747181892226
-0.776396083618 -0.450243366331 0.221037590731 -0.381618154575
0.854668570533 0.324609542971 -0.389859032144 0.110364007772
0.716141860852 -0.444755370927 -0.537896989921 -0.000568683754
0.412145323528 0.029376267322 -0.115450560261 0.903296427175
0.206800437301 -0.977057585769 -0.037729438263 0.034183954022
0.735572064747 0.579154899472 -0.211395144103 -0.280758674008
-0.413017059445 0.578485223623 -0.621841088645 0.328763463800
0.468108482913 0.854103418841 -0.074954325585 -0.213924396050
-0.730746557330 -0.632189964680 0.206924255148 0.153387320665
-0.858323152316 -0.409227561578 0.026239859517 0.308424445879
0.922303861140 0.378724015045 -0.035629197078 0.068222199241
0.438132720513 0.297079451408 -0.292824148991 0.796264740231
0.825357170884 0.511398072031 0.237543516899 0.028820651851
0.074447920371 -0.683849831148 0.116126256417 0.716464659395
-0.762219512674 0.420361106801 0.281556724810 -0.403786781732
-0.160595130138 0.603551655332 -0.645812717284 0.439158898027
-0.991121540801 -0.117504307444 -0.044753320351 -0.043220011677
0.485675080509 -0.707702465939 -0.374263279889 -0.351004178328
-0.776356042385 0.427006539729 0.352587408119 0.301029616678
-0.369874763225 -0.894587767054 0.014156229132 -0.250409639876
-0.436689013827 0.721043592636 -0.389659948552 -0.370896167702
0.460274832052 -0.105676859890 0.843699879578 0.255244967557
0.536952872619 0.334406880488 0.741290362568 0.224370785156
-0.473292771289 0.235932919947 -0.067491782379 0.846034555584
-0.500141847426 0.269081295934 0.738605373024 0.363201722974
-0.504974234299 -0.829058653536 0.092068546524 -0.221779517613
-0.265879972423 -0.100926241216 0.109761474918 0.952404406081
0.681814200220 -0.374729774047 0.385852093180 0.495807578613
0.160755252596 -0.508501379283 0.307301213900 0.788130737864
0.202123058852 -0.325716008942 -0.667290943089 0.638575091803
0.719285053777 0.260944051837 -0.217747844941 0.605906832151
-0.403682379169 0.892307629671 0.066924696492 0.190653391733
0.233293053030 0.709896824463 -0.423716409230 -0.511942628206
0.551887089863 -0.610826259304 0.513075705602 0.243033416031
-0.321152959200 -0.418956959326 -0.006056838978 0.849293328439
-0.307721144618 -0.835432671426 0.087637523839 0.446855248469
-0.723294126197 0.592760011881 0.037125419492 0.352282384673
0.133217037898 -0.675959956374 -0.162953403469 0.706241847025
0.477001995721 -0.261443328130 -0.708145529785 0.450162627169
0.861954342486 -0.178600907622 0.423170529618 0.214623228306
-0.269358142670 0.697735699070 0.212723788142 0.628776331600
-0.790070138549 -0.233282937965 -0.546905674461 -0.149205999447
0.227111480068 -0.972384503594 -0.046109531135 0.027616370690
-0.964264173833 -0.004231543734 -0.264879604604 -0.003936008811
0.222021528091 0.917979473108 -0.305099464767 -0.122206565356
0.176869316283 -0.636745917232 0.255876603800 0.705548754852
0.949425496062 0.142996653098 -0.022046436642 -0.278670305668
0.613648214696 -0.056815604379 -0.043848963993 0.786311086057
-0.841571056648 0.213582401796 0.071067901834 0.491009233706
-0.078070725750 -0.650096573081 -0.075911647617 0.752008530009
0.573313235853 0.133027320794 -0.674261213694 0.446080128706
0.026454708232 -0.787427714355 0.449814484850 0.420624146118
-0.257395258082 0.766054874819 0.270162435766 0.523373545553
-0.497180671902 -0.276811036703 -0.368170572097 0.735280531015
0.539059769641 0.807000522968 -0.202478642801 0.131023356287
-0.131106165060 0.770145782029 0.061786613625 0.621183597886
-0.803572603608 -0.092887932531 0.582514040095 0.079500288131
-0.472062715064 -0.539685712440 -0.156878190382 -0.679179915940
0.039316109941 -0.075871087732 0.187828159522 0.978477595061
0.310972622678 -0.314020894807 0.538562810091 0.717382049647
-0.205184271007 0.967738676995 -0.108171491630 -0.098387988986
-0.430899918673 0.337564171171 0.816052987877 0.185561880263
-0.427871290893 0.123826226683 -0.084721587198 0.891299880331
-0.060449325543 -0.414557993673 -0.146726608136 0.896079712631
0.034151616308 0.478677319827 0.599900624142 0.640172579654
-0.033835485413 0.111495955321 0.993170768459 0.005969635874
0.354910835704 -0.904931226832 0.041568270675 0.231105716670
-0.114509404048 0.339351927390 0.061064579299 0.931664630066
0.136341687456 0.990365412830 -0.007278663725 0.023115241428
0.171676334506 0.947728249941 0.127299729835 0.236924416677
-0.056821527329 0.507437886209 0.798495222625 -0.318878480171
0.365512642047 -0.458735776792 0.393592859185 0.707846492393
0.222892085262 0.403854120790 -0.846131241180 -0.266988558084
-0.103330501390 -0.726306273381 0.010220972504 0.679483286366
0.240464458742 0.729350020791 -0.138626183223 0.625306462927
0.569559652184 0.772877059674 0.278785167211 -0.023274100965
0.162201527777 -0.857731134815 -0.139688017161 0.467413331665
-0.587480846860 -0.632120535024 -0.198324072569 -0.464712218489
0.778542212292 -0.310424376323 -0.085808569349 0.538651668233
0.839391770166 -0.038858778761 0.505694449617 0.195408738591
0.067369065260 0.951833458894 0.222263852033 0.200183055366
0.072216195878 -0.066312165089 0.991579471653 0.084603009465
0.312966236395 0.442917604898 -0.811407470467 0.217931289673
-0.923488131903 0.172549198634 -0.129657287648 0.317152064543
0.087170869103 -0.286155264133 0.566954727753 0.767514652021
0.062603928592 -0.640996172913 0.445158354762 0.622124339358
0.073317031520 0.008584475858 -0.084317957378 0.993700861289
-0.946626028819 0.305612841042 0.049032734120 -0.089976352096
0.004007469287 -0.991477148906 0.019115321578 -0.128808415365
0.838482414140 -0.076445608589 -0.381595908840 0.381428725271
0.009203326081 -0.994345701134 0.105717095218 -0.003977587653
-0.782736442242 -0.090767478740 -0.559805483396 0.256325471910
0.100403012971 -0.840138763253 0.066821647246 0.528791982660
-0.175033714930 0.034369141314 0.186659021851 0.966095425061
-0.141274062417 -0.623360550771 -0.765603192514 -0.072904146952
-0.464702672290 -0.839870360414 0.060284857411 0.273925062801
0.179282129117 0.583957245446 -0.528329720115 0.589677505517
-0.052863412183 0.724364994357 0.272512247357 0.631060923875
-0.925789180790 -0.133502338248 0.338319672357 0.103108281483
0.309729645359 -0.520448055685 0.303884242893 0.735428946290
-0.777226761954 -0.449788656535 0.219770473805 -0.381195046922
0.862248510078 0.312401004306 -0.385691696079 0.100871378263
0.703184482682 -0.450252463016 -0.550113521507 -0.013394637698
0.394325378408 0.042509888172 -0.110240526112 0.911343750598
0.212519728057 -0.975799242575 -0.038631417153 0.034041401047
0.735571665779 0.579155637438 -0.211393990535 -0.280759065557
-0.398913513296 0.579029976056 -0.628514033872 0.332509255455
0.481972126373 0.849767161051 -0.049378915016 -0.207750725993
-0.708930764954 -0.639822540738 0.265251808746 0.132987837119
-0.858302794719 -0.409254540667 0.026093945649 0.308457678656
0.920831898655 0.382411307930 -0.038802874868 0.065761256746
0.461036632027 0.300345536648 -0.281271200679 0.786208810821
0.812184713382 0.529673258792 0.243671040850 0.020655607472
0.083286225306 -0.683221377358 0.109635798771 0.717113621278
-0.760018464461 0.416498870806 0.285420335876 -0.409189266922
-0.172769882222 0.581010213545 -0.651780122997 0.455807383463
-0.988409119398 -0.130013023021 -0.062146304002 -0.047768854227
0.473178390990 -0.705986717174 -0.381258159113 -0.363768032657
-0.771335712965 0.433046014090 0.360158940593 0.296307112800
-0.366900226799 -0.885298723204 0.017449531175 -0.285176976859
-0.436633566962 0.726303985271 -0.372691388164 -0.378067161190
0.488961008955 -0.119844008004 0.832657962966 0.230727679692
0.534244518372 0.335663087089 0.744223926935 0.219189035157
-0.484967365057 0.235079100745 -0.072612521100 0.839209087774
-0.498717256281 0.254994885331 0.744874373295 0.362520171510
-0.508128248433 -0.831186588076 0.072921241564 -0.213581439914
-0.271936818613 -0.104065933828 0.104483910787 0.950948873750
0.674428423986 -0.377828149366 0.383532519012 0.505267253369
0.155097282419 -0.508266809289 0.297494300052 0.793162546391
0.222697950465 -0.307859976418 -0.660163959794 0.647928548505
0.737160125846 0.253183281794 -0.202794067826 0.592762803099
-0.406163755022 0.893695875936 0.063067992542 0.179891950233
0.233052858477 0.725298702747 -0.423220826701 -0.490420522404
0.546966430934 -0.625624894048 0.513022345743 0.215009972204
-0.287027361266 -0.408886382627 -0.020377854753 0.866032310611
-0.283417418692 -0.836254918873 0.080959870834 0.462382716759
-0.720250879998 0.607442785659 0.012166458524 0.334819218833
0.142647442704 -0.688125362549 -0.148636670046 0.695731509150
0.478773606578 -0.258675361453 -0.709947399220 0.447031969061
0.872597894227 -0.155284219679 0.414383251143 0.206751656055
-0.269358056184 0.697735569477 0.212723600966 0.628776575778
-0.772217047243 -0.226330010268 -0.574061736883 -0.151356138452
0.225935156973 -0.972612807637 -0.047196828917 0.027387782012
-0.964264205999 -0.004231519930 -0.264879486026 -0.003936133988
0.223070686966 0.917966507668 -0.303903154782 -0.123368682940
0.180660681044 -0.616443123976 0.253472581207 0.723264297338
0.949425496417 0.142996652024 -0.022046440196 -0.278670304729
0.613648289996 -0.056815516057 -0.043849033853 0.786311029778
-0.841571057489 0.213582406805 0.071067904622 0.491009229682
-0.078955781171 -0.651778653589 -0.074635694014 0.750586493700
0.571851608606 0.113345388060 -0.682284035368 0.441165565090
0.026454713581 -0.787427717827 0.449814483005 0.420624141254
-0.257395257554 0.766054874492 0.270162436356 0.523373545986
-0.493772342681 -0.276580278420 -0.367656276045 0.737916720151
0.532447684822 0.813019443070 -0.190560906621 0.138511331615
-0.131106166145 0.770145783639 0.061786610458 0.621183595976
-0.802265821969 -0.096176150340 0.583459250013 0.081822995422
-0.477825010887 -0.546759786312 -0.196001158008 -0.659030000154
0.039316126684 -0.075871098630 0.187828080538 0.978477608705
0.300728662384 -0.338359637778 0.542150949264 0.707917633172
-0.189369837298 0.969835368880 -0.117046765082 -0.099289862402
-0.417249105090 0.345494037329 0.820138535191 0.184146239618
-0.346368778409 0.002031685822 -0.050013674141 0.936762069042
-0.054210752489 -0.421038687161 -0.155142620005 0.892030484729
0.029644971723 0.487060232684 0.575460876733 0.656306547841
-0.043920408108 0.105127150962 0.993487600790 0.001291107510
0.348545408777 -0.901615137459 0.037722961435 0.253344074544
-0.089322128236 0.337646241829 0.077897964484 0.933781816012
0.134658750294 0.990608150218 -0.022468767949 0.007593955405
0.171676335220 0.947728249352 0.127299735500 0.236924415473
-0.056821450564 0.507438052034 0.798495156772 -0.318878394870
0.364584706425 -0.457916628291 0.392711573751 0.709343339447
0.222892085212 0.403854118942 -0.846131240199 -0.266988564030
-0.076496595078 -0.754056744783 0.019963376339 0.652033864300
0.244397310384 0.737334491493 -0.160994070664 0.608842107236
0.569559653175 0.772877058215 0.278785169169 -0.023274101733
0.211584643471 -0.847535140214 -0.198381467850 0.444478253644
-0.588827202155 -0.628479289241 -0.206570699248 -0.464354234620
0.778542211604 -0.310424375798 -0.085808569152 0.538651669562
0.844388630843 -0.032479463782 0.500301194263 0.188816417596
0.067369053947 0.951833453549 0.222263882942 0.200183050266
0.072216186287 -0.066312166982 0.991579472766 0.084603003118
0.319517998455 0.452230305010 -0.809322170602 0.195942910222
-0.925591332529 0.166702232476 -0.135110664863 0.311827130114
0.085586521301 -0.284355654803 0.557664981408 0.775130039067
0.094819406027 -0.608514122614 0.468585458223 0.633362069563
0.072264969325 -0.008487216604 -0.078018544824 0.994293139887
-0.950037079031 0.286872207043 0.064784865626 -0.104579187597
-0.012225358507 -0.992007576048 0.014310628557 -0.124766644513
0.824051144580 -0.069715141437 -0.389664114125 0.405267058041
-0.003215781718 -0.995194130683 0.097868425139 0.000269001933
-0.792689301092 -0.073154351906 -0.550317188690 0.251879146745
0.116238965182 -0.854166947363 0.090572680437 0.498682181921
-0.199890051488 0.020348430331 0.192270195377 0.960553007735
-0.140802672226 -0.601561369278 -0.783337458250 -0.068417490367
-0.454855074989 -0.841266109907 0.065139158858 0.284842207304
0.191430622153 0.587680829912 -0.525012310340 0.585104805182
-0.082545785441 0.720716153080 0.264716097851 0.635358015244
-0.918801387154 -0.119603111025 0.358969970334 0.112426274491
0.335148486422 -0.516640312000 0.297013826465 0.729754114037
-0.776935176314 -0.450919832380 0.217183442391 -0.381935058515
0.869267725880 0.305780954416 -0.376447647441 0.095701606027
0.706036944765 -0.453351138943 -0.543799270299 -0.016338025212
0.387737815795 0.056469501149 -0.118297223200 0.912401418580
0.215270521058 -0.975196142460 -0.038209195533 0.034512952218
0.704552516143 0.595593876079 -0.201098507153 -0.329291781243
-0.386069343963 0.583966915921 -0.632948369438 0.330619818503
0.488274223224 0.849983838229 -0.025898762851 -0.196073995642
-0.699695893781 -0.636591926957 0.303701669137 0.113761465015
-0.857982800965 -0.409394829033 0.025475776076 0.309212503050
0.920042761415 0.383693541655 -0.039106661514 0.069074251977
0.466985452509 0.309669532751 -0.285993892691 0.777326740164
0.827872068758 0.493469879240 0.260135355694 0.058693379271
0.092735456370 -0.690369796046 0.101713355291 0.710242263735
-0.763053031293 0.404938994460 0.290394350613 -0.411637708833
-0.188641460215 0.555091914029 -0.651355295039 0.481688328789
-0.989018912245 -0.131819391813 -0.064767365502 -0.016444680880
0.451457561215 -0.707044675055 -0.390174099907 -0.379523477087
-0.762786585804 0.441391438207 0.370415573730 0.293466395919
-0.376483146699 -0.869850340724 0.033587991771 -0.317005791434
-0.420989562522 0.743115161204 -0.354669488759 -0.380469708623
0.506601418657 -0.147335725549 0.823078095340 0.210213309674
0.529935168950 0.335459165539 0.747136248385 0.220052928441
-0.502688604029 0.232542498284 -0.082860198074 0.828469879626
-0.493868780257 0.245950075003 0.749662026192 0.365525696743
-0.512970846065 -0.828470144773 0.068275790642 -0.214094714365
-0.273952601619 -0.104950804542 0.091272987562 0.951632566926
0.670833926661 -0.375657881170 0.382464600082 0.512429340338
0.151286077578 -0.506887868881 0.282451796629 0.800248832360
0.240604721476 -0.293298859701 -0.652521877826 0.655972824026
0.750309104608 0.241452111063 -0.193586726505 0.584175748321
-0.404550117294 0.897692363316 0.057633302700 0.164821193604
0.228507989557 0.756870804546 -0.419607110177 -0.445937839865
0.534757888042 -0.644266513800 0.514540984481 0.184938464525
-0.259083837641 -0.388987147806 -0.033489084186 0.883426875953
-0.247648463380 -0.844379268626 0.068125671283 0.470162506175
-0.716193644784 0.620872847108 -0.007010646161 0.318644663749
0.150536556221 -0.694049722534 -0.149929565500 0.687862524987
0.480455595701 -0.257546317132 -0.709695059486 0.446279326916
0.878968976304 -0.131273517745 0.411043049083 0.203037962053
-0.272900263339 0.689631320220 0.223158705365 0.632561681310
-0.739447640892 -0.216463827763 -0.615841507764 -0.164620275069
0.224514400685 -0.972884913795 -0.048508871627 0.027113055327
-0.964264206583 -0.004231519498 -0.264879483874 -0.003936136260
0.223866567828 0.918944786608 -0.299631223028 -0.125081450111
0.175047075935 -0.574900633861 0.238859842562 0.762754061283
0.949425496424 0.142996652005 -0.022046440260 -0.278670304712
0.613648291363 -0.056815514454 -0.043849035121 0.786311028756
-0.841571057504 0.213582406896 0.071067904673 0.491009229609
-0.083390176697 -0.657403183338 -0.072145793532 0.745427472960
0.581852399377 0.094155075085 -0.677059414812 0.440650832281
0.026454713679 -0.787427717890 0.449814482971 0.420624141166
-0.257395257545 0.766054874486 0.270162436367 0.523373545994
-0.500801055152 -0.291861280211 -0.364376802001 0.728865448787
0.546343684563 0.809243022301 -0.176624780431 0.124249732929
-0.131106166165 0.770145783668 0.061786610401 0.621183595941
-0.807601361333 -0.089540941217 0.576724216054 0.084567367444
-0.483184960025 -0.550987616444 -0.233378966005 -0.639123774520
0.039316126988 -0.075871098827 0.187828079104 0.978477608952
0.289071752717 -0.365812395708 0.549218726706 0.693525488474
-0.176772474129 0.968720667055 -0.139944082221 -0.103669742271
-0.400194606832 0.346229728034 0.827055487549 0.189600824375
-0.315799496858 0.229044915651 0.186299606327 0.901721443175
-0.034771337718 -0.415925617453 -0.163826066373 0.893844424269
0.016752980905 0.482197418401 0.561223409259 0.672482915930
-0.053004752392 0.099293104976 0.993578912077 0.011503086703
0.345584507737 -0.896331494392 0.035777527248 0.275465367545
-0.072129065768 0.331089167041 0.078377067482 0.937568342380
0.139242416423 0.988681744860 -0.055009198558 0.009692518925
0.172167355121 0.948870436314 0.133588747947 0.228379822538
-0.056821449171 0.507438055044 0.798495155577 -0.318878393322
0.363998872102 -0.457473810932 0.392223241590 0.710199593197
0.222892085211 0.403854118909 -0.846131240181 -0.266988564138
-0.056002853432 -0.776352479935 0.028288111879 0.627168470215
0.250757270349 0.733719495778 -0.182054974540 0.604675515569
0.569559653193 0.772877058188 0.278785169205 -0.023274101747
0.159370836271 -0.840619112342 -0.154879756151 0.493935932735
-0.592393233215 -0.623747457069 -0.202549135294 -0.467956424074
0.777824124114 -0.297701360349 -0.093540221929 0.545539878353
0.846843983506 -0.036883490031 0.496628020182 0.186696238135
0.067369053742 0.951833453452 0.222263883503 0.200183050174
0.072216186113 -0.066312167017 0.991579472787 0.084603003003
0.325604109600 0.464722654909 -0.807597473102 0.160627330382
-0.918466364893 0.164825194122 -0.168275804397 0.317703392485
0.069210964089 -0.301698761571 0.555226902179 0.771952580676
0.125248129137 -0.578987073497 0.485571973238 0.642889363481
0.053684518891 -0.032885918956 -0.087316272455 0.994189296528
-0.940852589604 0.276661192002 0.147511426648 -0.128434296365
-0.018717960719 -0.991449857963 0.016070482205 -0.128134915981
0.818176262299 -0.048273093811 -0.400272624743 0.409925771460
-0.010632049090 -0.995118058802 0.097858603466 -0.007120555150
-0.816214772712 -0.057674428849 -0.527549065439 0.228383643500
0.146896438434 -0.860212333609 0.106547486872 0.476554100311
-0.213629745124 0.012219897578 0.177379147435 0.960598586381
-0.143745900254 -0.600585076742 -0.784407367414 -0.057790688705
-0.432960760650 -0.845349214526 0.062274332333 0.306678321323
0.203720385124 0.596047328323 -0.538327735649 0.559847154244
-0.111912325782 0.722104498130 0.254270606128 0.633551248107
-0.904339350780 -0.083877013107 0.400433794520 0.121604940319
0.374374613158 -0.511792528456 0.287108110139 0.717970048074
-0.756700495163 -0.480825614469 0.231107614403 -0.377889348429
0.874532590231 0.315215718472 -0.361964878193 0.069377420003
0.698583801566 -0.458806950808 -0.549051519741 -0.004391212708
0.398176530675 0.052837458933 -0.134358662765 0.905876041792
0.215738994296 -0.974946662202 -0.043479453675 0.032330006322
0.688401561932 0.601802244502 -0.208194409749 -0.347264216111
-0.374406304539 0.576711778577 -0.655843627433 0.311596822716
0.504465881724 0.841908959599 0.022747683030 -0.190226235942
-0.666627937183 -0.655004335809 0.329193956636 0.134936475250
-0.856592999716 -0.415847450455 0.029946344303 0.304010768313
0.919933035907 0.387323061496 -0.043572686797 0.042490898397
0.465600482758 0.330175351058 -0.290449756499 0.768010004465
0.843014559822 0.474568885414 0.232494291143 0.100285739319
0.101921854008 -0.696734763597 0.098620898698 0.703168915134
-0.761266623583 0.402742262823 0.284831151453 -0.420883609465
-0.206592699066 0.519569065543 -0.682920052142 0.470093230334
-0.988980584666 -0.127794765050 -0.072786665491 0.016970636575
0.428667555547 -0.705213932249 -0.405615579921 -0.392929303958
-0.761533475597 0.446153074647 0.373887766479 0.284994978213
-0.378779807069 -0.858712150106 0.039258887353 -0.342925707377
-0.420515145558 0.730080163871 -0.363394012906 -0.397611315311
0.532423860026 -0.159800549612 0.808880613855 0.191574450667
0.527912173271 0.358309305675 0.741379939446 0.208035968443
-0.506406549810 0.229234434330 -0.096111962714 0.825691510826
-0.487137779637 0.243689553577 0.757831654830 0.359170388625
-0.525186911224 -0.820792692324 0.080176500995 -0.209880425946
-0.279842734175 -0.097787070411 0.090661784697 0.950739803409
0.663120733652 -0.393205343228 0.365831283656 0.521371194598
0.157038027068 -0.500513187339 0.273878233996 0.806111853465
0.240396773448 -0.289754865167 -0.645348211797 0.664663219201
0.767228214218 0.230819072002 -0.182177629600 0.569995381193
-0.413515887511 0.895567408007 0.062231078236 0.151956972174
0.216147817791 0.780169609510 -0.407579678192 -0.422485866256
0.535136567981 -0.655704641323 0.504337911593 0.171241197986
-0.232129524822 -0.372497645068 -0.073763362587 0.895500058327
-0.229759213820 -0.835053367097 0.063938949651 0.495790670024
-0.708287981728 0.632654014874 -0.009298620295 0.313034451881
0.155370924903 -0.701281042700 -0.156321351474 0.677959003125
0.476629408724 -0.254873765251 -0.712286489565 0.447785358525
0.88199416