87.103274239411 0.000000000000 14.689699780551
85.779979783720 15.125324840497 40.100527111382
87.103274239411 0.000000000000 65.511354442214
85.779979783720 15.125324840497 90.922181773046
87.103274239411 0.000000000000 116.333009103877
85.779979783720 15.125324840497 141.743836434709
87.103274239411 0.000000000000 167.154663765541
85.779979783720 15.125324840497 192.565491096372
87.103274239411 0.000000000000 217.976318427204
81.850304049065 29.791074339498 14.689699780551
75.433648244132 43.551637119705 40.100527111382
81.850304049065 29.791074339498 65.511354442214
75.433648244132 43.551637119705 90.922181773046
81.850304049065 29.791074339498 116.333009103877
75.433648244132 43.551637119705 141.743836434709
81.850304049065 29.791074339498 167.154663765541
75.433648244132 43.551637119705 192.565491096372
81.850304049065 29.791074339498 217.976318427204
66.724979208569 55.988905444222 14.689699780551
55.988905444222 66.724979208569 40.100527111382
66.724979208569 55.988905444222 65.511354442214
55.988905444222 66.724979208569 90.922181773046
66.724979208569 55.988905444222 116.333009103877
55.988905444222 66.724979208569 141.743836434709
66.724979208569 55.988905444222 167.154663765541
55.988905444222 66.724979208569 192.565491096372
66.724979208569 55.988905444222 217.976318427204
43.551637119705 75.433648244132 14.689699780551
29.791074339498 81.850304049065 40.100527111382
43.551637119705 75.433648244132 65.511354442214
29.791074339498 81.850304049065 90.922181773046
43.551637119705 75.433648244132 116.333009103877
29.791074339498 81.850304049065 141.743836434709
43.551637119705 75.433648244132 167.154663765541
29.791074339498 81.850304049065 192.565491096372
43.551637119705 75.433648244132 217.976318427204
15.125324840497 85.779979783720 14.689699780551
0.000000000000 87.103274239411 40.100527111382
15.125324840497 85.779979783720 65.511354442214
0.000000000000 87.103274239411 90.922181773046
15.125324840497 85.779979783720 116.333009103877
0.000000000000 87.103274239411 141.743836434709
15.125324840497 85.779979783720 167.154663765541
0.000000000000 87.103274239411 192.565491096372
15.125324840497 85.779979783720 217.976318427204
-15.125324840497 85.779979783720 14.689699780551
-29.791074339498 81.850304049065 40.100527111382
-15.125324840497 85.779979783720 65.511354442214
-29.791074339498 81.850304049065 90.922181773046
-15.125324840497 85.779979783720 116.333009103877
-29.791074339498 81.850304049065 141.743836434709
-15.125324840497 85.779979783720 167.154663765541
-29.791074339498 81.850304049065 192.565491096372
-15.125324840497 85.779979783720 217.976318427204
-43.551637119705 75.433648244132 14.689699780551
-55.988905444222 66.724979208569 40.100527111382
-43.551637119705 75.433648244132 65.511354442214
-55.988905444222 66.724979208569 90.922181773046
-43.551637119705 75.433648244132 116.333009103877
-55.988905444222 66.724979208569 141.743836434709
-43.551637119705 75.433648244132 167.154663765541
-55.988905444222 66.724979208569 192.565491096372
-43.551637119705 75.433648244132 217.976318427204
-66.724979208569 55.988905444222 14.689699780551
-75.433648244132 43.551637119705 40.100527111382
-66.724979208569 55.988905444222 65.511354442214
-75.433648244132 43.551637119705 90.922181773046
-66.724979208569 55.988905444222 116.333009103877
-75.433648244132 43.551637119705 141.743836434709
-66.724979208569 55.988905444222 167.154663765541
-75.433648244132 43.551637119705 192.565491096372
-66.724979208569 55.988905444222 217.976318427204
-81.850304049065 29.791074339498 14.689699780551
-85.779979783720 15.125324840497 40.100527111382
-81.850304049065 29.791074339498 65.511354442214
-85.779979783720 15.125324840497 90.922181773046
-81.850304049065 29.791074339498 116.333009103877
-85.779979783720 15.125324840497 141.743836434709
-81.850304049065 29.791074339498 167.154663765541
-85.779979783720 15.125324840497 192.565491096372
-81.850304049065 29.791074339498 217.976318427204
-87.103274239411 0.000000000000 14.689699780551
-85.779979783720 -15.125324840497 40.100527111382
-87.103274239411 0.000000000000 65.511354442214
-85.779979783720 -15.125324840497 90.922181773046
-87.103274239411 0.000000000000 116.333009103877
-85.779979783720 -15.125324840497 141.743836434709
-87.103274239411 0.000000000000 167.154663765541
-85.779979783720 -15.125324840497 192.565491096372
-87.103274239411 0.000000000000 217.976318427204
-81.850304049065 -29.791074339498 14.689699780551
-75.433648244132 -43.551637119705 40.100527111382
-81.850304049065 -29.791074339498 65.511354442214
-75.433648244132 -43.551637119705 90.922181773046
-81.850304049065 -29.791074339498 116.333009103877
-75.433648244132 -43.551637119705 141.743836434709
-81.850304049065 -29.791074339498 167.154663765541
-75.433648244132 -43.551637119705 192.565491096372
-81.850304049065 -29.791074339498 217.976318427204
-66.724979208569 -55.988905444222 14.689699780551
-55.988905444222 -66.724979208569 40.100527111382
-66.724979208569 -55.988905444222 65.511354442214
-55.988905444222 -66.724979208569 90.922181773046
-66.724979208569 -55.988905444222 116.333009103877
-55.988905444222 -66.724979208569 141.743836434709
-66.724979208569 -55.988905444222 167.154663765541
-55.988905444222 -66.724979208569 192.565491096372
-66.724979208569 -55.988905444222 217.976318427204
-43.551637119705 -75.433648244132 14.689699780551
-29.791074339498 -81.850304049065 40.100527111382
-43.551637119705 -75.433648244132 65.511354442214
-29.791074339498 -81.850304049065 90.922181773046
-43.551637119705 -75.433648244132 116.333009103877
-29.791074339498 -81.850304049065 141.743836434709
-43.551637119705 -75.433648244132 167.154663765541
-29.791074339498 -81.850304049065 192.565491096372
-43.551637119705 -75.433648244132 217.976318427204
-15.125324840497 -85.779979783720 14.689699780551
-0.000000000000 -87.103274239411 40.100527111382
-15.125324840497 -85.779979783720 65.511354442214
-0.000000000000 -87.103274239411 90.922181773046
-15.125324840497 -85.779979783720 116.333009103877
-0.000000000000 -87.103274239411 141.743836434709
-15.125324840497 -85.779979783720 167.154663765541
-0.000000000000 -87.103274239411 192.565491096372
-15.125324840497 -85.779979783720 217.976318427204
15.125324840496 -85.779979783720 14.689699780551
29.791074339498 -81.850304049065 40.100527111382
15.125324840496 -85.779979783720 65.511354442214
29.791074339498 -81.850304049065 90.922181773046
15.125324840496 -85.779979783720 116.333009103877
29.791074339498 -81.850304049065 141.743836434709
15.125324840496 -85.779979783720 167.154663765541
29.791074339498 -81.850304049065 192.565491096372
15.125324840496 -85.779979783720 217.976318427204
43.551637119705 -75.433648244132 14.689699780551
55.988905444222 -66.724979208569 40.100527111382
43.551637119705 -75.433648244132 65.511354442214
55.988905444222 -66.724979208569 90.922181773046
43.551637119705 -75.433648244132 116.333009103877
55.988905444222 -66.724979208569 141.743836434709
43.551637119705 -75.433648244132 167.154663765541
55.988905444222 -66.724979208569 192.565491096372
43.551637119705 -75.433648244132 217.976318427204
66.724979208569 -55.988905444222 14.689699780551
75.433648244132 -43.551637119705 40.100527111382
66.724979208569 -55.988905444222 65.511354442214
75.433648244132 -43.551637119705 90.922181773046
66.724979208569 -55.988905444222 116.333009103877
75.433648244132 -43.551637119705 141.743836434709
66.724979208569 -55.988905444222 167.154663765541
75.433648244132 -43.551637119705 192.565491096372
66.724979208569 -55.988905444222 217.976318427204
81.850304049065 -29.791074339498 14.689699780551
85.779979783720 -15.125324840497 40.100527111382
81.850304049065 -29.791074339498 65.511354442214
85.779979783720 -15.125324840497 90.922181773046
81.850304049065 -29.791074339498 116.333009103877
85.779979783720 -15.125324840497 141.743836434709
81.850304049065 -29.791074339498 167.154663765541
85.779979783720 -15.125324840497 192.565491096372
81.850304049065 -29.791074339498 217.976318427204
87.103274239411 0.000000000000 14.626563359110
89.595828658289 14.304077781058 37.876789791096
92.130910271938 0.505403730619 64.269818376673
97.963122981752 11.567945350430 91.973614494545
99.333155530912 -13.137046898260 100.993823609581
96.151301531917 12.714853274680 126.059976288511
96.682321617774 -3.941745933349 159.153427900284
85.312658453141 11.656600324436 187.996016313477
87.103274239411 0.000000000000 217.039454848659
81.850304049065 29.791074339498 14.626563359110
81.978180727074 42.438099408013 37.931878042649
87.567876057352 26.336158410982 66.007331393221
83.888326847065 35.893499976395 92.648315582476
95.146008414157 31.363271379736 120.594071687065
81.413673467843 39.706360693743 143.105186757905
88.431064034909 27.976535981939 161.180733146228
81.204733993402 40.488417609612 191.262144300738
81.850304049065 29.791074339498 217.039454848659
66.724979208569 55.988905444222 14.626563359110
63.083323992821 63.263436731427 39.845276612643
76.329732818016 53.122523094104 65.147929256915
67.328050304010 63.088724825744 91.476439421066
76.047992551355 49.157354033639 119.310416833151
64.067016074380 61.226799174800 144.214408897920
72.490121050221 50.695909021592 167.694930402582
61.009015971534 64.231063354611 192.874898350277
66.724979208569 55.988905444222 217.039454848659
43.551637119705 75.433648244132 14.626563359110
35.690001804541 78.666683982698 42.256300037830
53.778927124441 71.444779151346 66.164602422414
39.705664653872 79.840386902658 91.729806782996
53.705797632306 72.757377003517 116.737934676756
37.193561200660 79.184757688595 141.856332895703
50.538169463346 73.433272041002 168.553455920326
33.628592110607 81.308117822590 191.838434953855
43.551637119705 75.433648244132 217.039454848659
15.125324840497 85.779979783720 14.626563359110
2.059787792028 85.656859198041 42.200852113674
21.678371950386 82.663852563723 69.252934667849
3.820128718525 83.395939822819 95.268644768889
21.545740147155 81.963699741606 117.643955519149
2.727735556642 84.480140848729 141.111170926443
19.139361770170 82.433961184430 165.817444576272
1.147270542730 86.632711344263 190.549465383390
15.125324840497 85.779979783720 217.039454848659
-15.125324840497 85.779979783720 14.626563359110
-31.319548432918 79.790184039253 42.133484079418
-15.728275895005 84.129759515316 69.553257768103
-33.788014920394 81.282664738382 94.476332420539
-15.803026174844 84.897485133194 118.400138771760
-33.487406673924 80.254092626414 142.071215794936
-15.917887817277 87.530215281998 166.638657603087
-30.212294076890 81.462030559867 192.017386565761
-15.125324840497 85.779979783720 217.039454848659
-43.551637119705 75.433648244132 14.626563359110
-60.991695944354 66.764965417316 42.541556496146
-49.405545064624 76.309423365027 69.036518905792
-65.275393922466 66.914472469966 93.684649732956
-50.068093463783 74.714865503698 117.953472137695
-63.242830918126 63.264466244201 145.811772377480
-46.647867822202 72.679791193909 168.658739185066
-55.279491806764 63.356518048878 192.454075565837
-43.551637119705 75.433648244132 217.039454848659
-66.724979208569 55.988905444222 14.626563359110
-80.509080286227 43.210310008729 41.979479153358
-76.122009810300 55.557689288473 68.356778003424
-87.466199542974 43.779272389824 93.618275436002
-78.105152541960 54.196595568023 119.874744241690
-81.980776471818 41.041614338761 146.558731575347
-68.729934236085 53.131268018383 170.929803668121
-81.017661701658 45.332337736196 198.768732049359
-66.724979208569 55.988905444222 217.039454848659
-81.850304049065 29.791074339498 14.626563359110
-92.201646897382 15.372111297938 41.693654458738
-92.447721341625 30.140730316986 68.063756899787
-96.422750378552 16.632969200987 95.288599978424
-94.359868083332 28.084387155819 120.114453144912
-95.213111314832 9.119415594443 154.304415119712
-93.878742318255 23.670267713510 172.719284108301
-92.714020217223 14.583444228486 207.910659041115
-81.850304049065 29.791074339498 217.039454848659
-87.103274239411 0.000000000000 14.626563359110
-91.827917965033 -14.327807798058 42.010658469228
-97.402499014687 1.266650191378 69.317959274255
-94.823977705088 -13.214237775212 97.107918997176
-98.447179491439 0.622696749147 116.876935418066
-88.275556796801 -8.097965100080 147.106539654444
-82.489496437618 31.428594814997 170.153041130799
-88.340381202641 -5.928013569066 187.485575538990
-87.103274239411 0.000000000000 217.039454848659
-81.850304049065 -29.791074339498 14.626563359110
-79.384822924973 -42.620862728146 42.117922845976
-91.060911889475 -28.838341967535 69.097380422720
-84.390751761393 -43.387347534987 95.490899589521
-88.926298497922 -28.640938871607 119.303590666416
-77.748940282538 -43.313185981208 144.506538569809
-94.131220483510 -28.125585376297 168.831551145240
-76.159277065246 -43.513189211192 199.984635988561
-81.850304049065 -29.791074339498 217.039454848659
-66.724979208569 -55.988905444222 14.626563359110
-56.901865393137 -65.899696081150 42.120905951982
-72.727658531789 -55.441314033012 68.283206189702
-61.861686354695 -67.262752595724 93.208720855103
-73.102262175607 -55.654853258353 119.971472038680
-57.948788360592 -65.564239324780 143.595808716064
-68.617718691112 -54.805298160453 167.397774560086
-53.488990282924 -65.591512525014 190.825172634337
-66.724979208569 -55.988905444222 217.039454848659
-43.551637119705 -75.433648244132 14.626563359110
-26.925210755383 -81.324320825603 41.735619452801
-44.285321167497 -74.224470436028 68.139032053919
-28.275273450159 -79.007197894028 93.192466256107
-46.416448642591 -76.052406481286 117.302848301730
-27.396399276288 -80.661377200425 140.460327692511
-41.838336565324 -72.910963964507 166.323980317677
-26.869255341676 -79.700075490025 190.114913289437
-43.551637119705 -75.433648244132 217.039454848659
-15.125324840497 -85.779979783720 14.626563359110
6.114973595332 -86.640427166781 40.463422110013
-8.886302918320 -83.340269106900 67.963642476803
8.618891799146 -82.658467798004 92.309260141314
-11.406881289666 -81.830445545905 116.103089252700
7.558203961024 -82.928697611670 140.278928339736
-9.829369798681 -83.328645794339 163.466978993514
3.891700585382 -85.913384321833 190.040963507871
-15.125324840497 -85.779979783720 217.039454848659
15.125324840496 -85.779979783720 14.626563359110
36.223427868329 -81.942108710351 38.377130412596
24.498520666213 -83.926523358229 65.949601199548
42.690617139789 -78.635150457239 91.952215781240
24.969360409609 -82.857079931681 116.122471916000
39.750480556767 -77.405910607264 140.645775311416
20.996307184358 -83.248936232421 165.303873615278
30.983059290047 -82.324562526558 193.657634113432
15.125324840496 -85.779979783720 217.039454848659
43.551637119705 -75.433648244132 14.626563359110
61.161630679096 -67.327898875847 37.477932448955
53.796758563505 -73.621769976685 66.364121959223
75.332741210688 -65.554882278779 89.812884777904
56.054852313268 -71.033647856729 115.292244510880
73.930372182464 -67.120547426061 139.409198375994
48.127640791604 -73.514156748938 167.562116586328
56.274633070738 -68.367211372400 194.659056784425
43.551637119705 -75.433648244132 217.039454848659
66.724979208569 -55.988905444222 14.626563359110
78.096648150127 -43.888677200242 38.034592562522
74.973536566199 -54.959591640469 64.787062632797
94.680311468488 -46.105353881477 86.680909722772
84.789821148153 -59.635604560438 112.456562053323
96.798536633794 -43.038740478368 136.110303623799
73.510485084654 -55.095568851799 162.393214656879
79.648637805851 -46.243054524369 188.704307988556
66.724979208569 -55.988905444222 217.039454848659
81.850304049065 -29.791074339498 14.626563359110
86.682373957192 -15.838098372853 38.807752186958
88.174618321698 -30.182757941334 64.216817895589
99.111077953952 -12.948391706382 83.810023324297
95.069780790854 -21.678840508403 105.491149564607
104.576866263748 -3.585463195136 144.357093318806
90.887126528361 -24.107830432448 150.270264289650
86.788693488709 -16.747208886339 190.638556806442
81.850304049065 -29.791074339498 217.039454848659
87.103274239411 0.000000000000 14.563426937670
84.732186204354 14.023455594557 40.738018767533
86.973692506507 0.707163038235 67.435940873509
85.021411870600 15.984291349762 92.441095544382
93.348731271762 -9.699268102931 99.734231800559
85.834742964777 16.363969949428 127.030616580550
92.229854450433 -4.182342977641 159.571039204730
81.941460347363 12.157725941429 185.403625375286
87.103274239411 0.000000000000 216.102591270099
81.850304049065 29.791074339498 14.563426937670
74.313474667792 41.755541022047 40.666711227459
79.356973397174 27.551938670552 67.119261569473
73.008581469145 38.871252253180 91.843509428646
87.486306473083 33.017594606531 118.945235359104
75.025878610600 42.150108678787 144.129261435914
83.390003911162 28.841553376071 162.301033395843
75.754932966231 40.905455190676 191.540309414828
81.850304049065 29.791074339498 216.102591270099
66.724979208569 55.988905444222 14.563426937670
55.337713158197 64.866315649811 40.707313199168
65.196847760860 53.050210487508 66.589259609561
54.743417921296 62.770112993518 92.147299996596
67.212772687511 52.462563015840 117.472506646011
55.936192513111 63.881459550492 142.521386851735
66.145919220095 52.710446445814 167.613184322808
56.001538852654 64.525318779663 191.673500238277
66.724979208569 55.988905444222 216.102591270099
43.551637119705 75.433648244132 14.563426937670
29.468636589126 79.866705120756 40.661011720568
42.782803419751 72.403710668592 66.389090882000
28.842787878507 78.087644613442 92.215408113970
42.814756501957 71.569878746499 117.845706017326
28.804436119798 77.818465544891 142.649175775878
42.974370510081 71.857722460508 166.904162058004
29.290733831199 78.946771604013 191.384739196770
43.551637119705 75.433648244132 216.102591270099
15.125324840497 85.779979783720 14.563426937670
-0.222813225931 84.635367009563 40.401905535755
15.042406276089 82.587577611585 66.757578630272
-0.413201530483 83.715191012606 92.544756589036
14.029547184598 80.672485478152 117.818923733672
-0.686577273180 82.045799798816 142.357858522982
14.469348479061 81.754756585986 166.989771214990
-0.085266069769 84.886109852760 191.419515321383
15.125324840497 85.779979783720 216.102591270099
-15.125324840497 85.779979783720 14.563426937670
-29.805065283766 79.858889077803 40.812800190665
-15.391149896943 82.132328582815 66.874747806377
-30.224556222119 77.865327436953 92.403811975116
-15.719489019492 80.664089497355 117.177357165916
-30.578095466795 76.631849655149 142.781605140622
-15.665037880326 82.966629946012 167.273770449353
-30.472045919314 80.281430305295 191.743061952027
-15.125324840497 85.779979783720 216.102591270099
-43.551637119705 75.433648244132 14.563426937670
-55.416768745816 65.108925216517 40.547958518174
-43.324168901290 72.611382336698 66.696110348370
-56.060501067984 62.650258612118 92.174992489552
-44.165443465649 69.963974599705 117.680767819645
-56.900079919038 61.105042810441 143.400287296791
-44.724893037552 70.977205382515 168.292707741425
-57.071148211488 63.565191080642 192.689425990494
-43.551637119705 75.433648244132 216.102591270099
-66.724979208569 55.988905444222 14.563426937670
-74.261849007796 42.305062098615 40.155929309735
-65.484691924459 52.967822034796 66.214176761378
-74.563626041268 39.878555689529 91.447758194797
-66.636881360979 50.763353215784 117.292697102547
-74.367644581321 36.029067494777 143.147344926883
-67.111187965838 50.366010876526 169.739216625576
-76.600893209613 40.188298220566 194.272847341925
-66.724979208569 55.988905444222 216.102591270099
-81.850304049065 29.791074339498 14.563426937670
-84.385648311559 14.562889620368 40.188668066745
-80.158021937375 27.826546617225 65.870286284661
-84.049311468825 13.190767925142 91.544896668924
-79.759228505447 23.398586603470 118.357337754910
-86.947894264809 10.353586682515 153.880443226010
-88.592570246314 20.906584676928 170.741477648741
-86.782996416573 10.812198230304 203.102910855982
-81.850304049065 29.791074339498 216.102591270099
-87.103274239411 0.000000000000 14.563426937670
-84.460895083398 -14.996704361947 40.093402201286
-85.280116258767 -0.420657626966 65.878905372178
-84.394446077170 -14.950204674509 91.581152391947
-84.179271859322 -1.730519867552 117.579807420188
-81.160923862531 -12.192486071408 144.666279926512
-74.520757842146 25.439977328258 167.553047696522
-82.881494888218 -5.718193268632 186.088101599252
-87.103274239411 0.000000000000 216.102591270099
-81.850304049065 -29.791074339498 14.563426937670
-74.466665748601 -42.978559708447 40.513078311683
-80.368630212248 -29.034044359320 65.887110417080
-74.809138826739 -42.066059515622 91.356508322694
-81.237630534720 -29.332144842214 117.173988227897
-76.246136562228 -43.750160366842 143.482610430135
-86.763207038997 -25.704016822323 168.334383748237
-76.840106519498 -39.229258047112 196.717082431506
-81.850304049065 -29.791074339498 216.102591270099
-66.724979208569 -55.988905444222 14.563426937670
-55.389189124040 -65.282980947591 40.551854783411
-65.738404601690 -54.474979213917 66.148873185027
-55.822307553863 -64.192058122040 91.574477718309
-67.592094326240 -53.970735766881 117.128762113468
-57.438997640467 -65.459491189974 142.414705449499
-69.437063507820 -54.423852471763 168.219658850744
-56.297323974309 -63.517635885921 191.064377306811
-66.724979208569 -55.988905444222 216.102591270099
-43.551637119705 -75.433648244132 14.563426937670
-29.299520037142 -79.823097774065 40.457041256946
-42.932636812940 -72.789637558276 66.192275322270
-29.069972241883 -78.167336636429 91.476977650679
-43.982675412312 -72.385638009278 116.634064354295
-29.989839242185 -78.735845975340 141.240326663591
-44.608032259171 -73.710357992863 166.629910856963
-30.057800567853 -80.342573133068 191.131405166234
-43.551637119705 -75.433648244132 216.102591270099
-15.125324840497 -85.779979783720 14.563426937670
0.728839580242 -85.139014025498 40.843885459137
-14.200358664091 -82.249046448966 66.446035053809
0.986697549614 -82.152829462925 91.934941411939
-14.248971914674 -80.397538670494 116.249242081592
0.387097048685 -81.289803780860 141.297781499154
-15.065083324336 -83.343733803777 165.761566283531
0.514715683294 -85.722345059693 190.537169815659
-15.125324840497 -85.779979783720 216.102591270099
15.125324840496 -85.779979783720 14.563426937670
30.605152599686 -80.696263510498 40.980731722151
16.168135334699 -82.510104898181 66.982124931559
30.948825177794 -76.564246699941 93.193322163711
15.744220351021 -79.607606760362 117.187607218178
30.770649726140 -76.698997082773 140.806473319111
15.591094465430 -82.637563393995 165.515890836538
30.468719279291 -80.624781300370 190.313902375600
15.125324840496 -85.779979783720 216.102591270099
43.551637119705 -75.433648244132 14.563426937670
56.699581438085 -66.006471020852 40.550818229731
44.379660318387 -73.908047083800 67.488052206833
59.931806710565 -64.180817003388 91.453848385156
46.332227169225 -72.746158201235 116.996753809706
61.796510605206 -64.288651259075 138.951947731776
44.855468205717 -74.280795895337 164.402212923708
57.035285700817 -68.068936029321 190.675579490668
43.551637119705 -75.433648244132 216.102591270099
66.724979208569 -55.988905444222 14.563426937670
75.543367304175 -42.844970275083 40.928859794339
67.887683261758 -56.219142807595 66.435138490561
82.732410584086 -46.599010181287 86.972266564720
77.007936881411 -60.846575751873 111.237991846869
83.039459221488 -39.969861565037 135.694599751010
67.751248759346 -53.335057355707 162.886394873475
73.844801040774 -43.857893489394 188.370464265244
66.724979208569 -55.988905444222 216.102591270099
81.850304049065 -29.791074339498 14.563426937670
84.910441734751 -15.130714450095 41.571015253483
82.285579985315 -29.451346711147 68.109855911061
83.273529998538 -10.787828086912 83.556142953187
90.471109343546 -23.196743677098 108.214876079709
95.903775908078 -1.916554356803 141.226641176824
80.434420520550 -19.930513408510 152.460987555192
81.593687217227 -13.679506009532 186.802829567725
81.850304049065 -29.791074339498 216.102591270099
87.103274239411 0.000000000000 14.500290516230
84.720716888766 14.270270811446 40.258945799288
86.137910214586 0.754751749682 66.430018176955
84.378125002899 15.545972184387 91.607608894188
93.569651082177 -10.419631154998 99.169361485511
85.352854737204 15.963945463104 125.869907641416
91.896187595954 -4.112932945093 158.885894766919
80.868635160815 11.959762214446 184.997056764076
87.103274239411 0.000000000000 215.165727691535
81.850304049065 29.791074339498 14.500290516230
73.984804890400 41.523329343251 40.313944474679
78.460622334146 26.999460631188 66.616003075352
71.974092806513 37.626371319100 91.362533714402
86.136970826187 31.687057259575 118.438603827728
74.480457944131 40.498112997507 143.086716278054
82.279816517435 28.088532680218 161.630779673681
75.424808873351 40.301531637361 190.878600196335
81.850304049065 29.791074339498 215.165727691535
66.724979208569 55.988905444222 14.500290516230
54.697679221844 63.856355723544 40.254287532462
63.804606818751 51.448220697283 66.063001583541
53.917920817448 60.995507407186 91.427273785141
66.037950217208 50.992612937014 116.772698002063
55.325790676941 61.753948131488 141.629030345490
65.730514393731 51.266759866724 166.518807893454
55.686829806218 63.768345673023 191.000147047799
66.724979208569 55.988905444222 215.165727691535
43.551637119705 75.433648244132 14.500290516230
29.124527588705 78.925624969835 40.182436094211
41.951226871593 70.675180198988 65.807645770355
28.690240904239 75.833886647289 91.294047959217
42.441689136247 69.268128052502 116.884536047224
29.099889100031 75.589390623448 141.893104759560
42.760306517128 70.070595858575 166.328297903624
29.032744469132 77.852835945072 190.816242192118
43.551637119705 75.433648244132 215.165727691535
15.125324840497 85.779979783720 14.500290516230
-0.077041470369 83.921912092454 40.045998668214
14.606176922368 80.944493645341 65.963667710487
-0.200358234920 80.965254958444 91.656146632563
14.556399500140 78.156356202781 116.761193225318
-0.289459490835 79.484758796344 141.720857960525
14.430898915165 79.688214361159 166.388583768756
-0.245366267381 83.975328887166 190.790947188885
15.125324840497 85.779979783720 215.165727691535
-15.125324840497 85.779979783720 14.500290516230
-29.365972721663 78.810072043272 40.213822364187
-14.941820748008 80.414884293741 66.133197570661
-29.026660529991 75.231562683641 91.761503238266
-14.882354504162 78.081161101604 116.742663852350
-29.518241911693 74.676101308495 142.506825575661
-15.313670686721 81.443527952238 166.652980806681
-29.938887598638 79.415227001645 191.152506829510
-15.125324840497 85.779979783720 215.165727691535
-43.551637119705 75.433648244132 14.500290516230
-54.957335731429 64.044727429077 40.014823465227
-42.400233947142 70.696803510904 65.927084338169
-54.500438304595 60.355118791523 91.619657981838
-42.466175642837 67.499790511733 117.394870367345
-55.546797413412 59.667440064897 142.927512209053
-43.576129736293 69.725033782626 167.948612394947
-56.191573367808 62.789675163223 192.282742826052
-43.551637119705 75.433648244132 215.165727691535
-66.724979208569 55.988905444222 14.500290516230
-74.038008657935 41.421375192875 39.936339883606
-64.954851245083 51.607357537439 65.756548836261
-73.840708958359 38.449917147329 91.457525411353
-65.590631075847 49.128252427654 117.202515515129
-73.379768021767 34.901097942123 142.766520955596
-66.250177319853 49.243677218076 169.297528745433
-75.749806155223 39.761452819970 193.331706823880
-66.724979208569 55.988905444222 215.165727691535
-81.850304049065 29.791074339498 14.500290516230
-84.319996504650 13.967861276180 39.916484343629
-80.040334590607 26.849164119600 65.624218954997
-83.747840045502 12.029499274568 91.580676073697
-79.403730634792 22.183667707371 117.922288558684
-85.988799804577 10.015920377348 153.843666126261
-87.583691309555 20.022915597041 169.858233759215
-85.690121853525 10.428104475195 202.223821184067
-81.850304049065 29.791074339498 215.165727691535
-87.103274239411 0.000000000000 14.500290516230
-84.386793784641 -15.251283854544 39.821313944563
-85.158721312019 -1.215203403176 65.585099942532
-83.741021877909 -15.738359518805 91.280410226360
-83.679663699004 -2.515519824859 117.376981187692
-79.872595371135 -12.878125473492 143.910284866540
-73.630937608368 24.321538770586 166.698096835379
-82.292409279853 -5.996090246787 185.554399446180
-87.103274239411 0.000000000000 215.165727691535
-81.850304049065 -29.791074339498 14.500290516230
-74.140404154855 -42.699029737538 39.880333959019
-80.029518316251 -29.275124492975 65.433001308852
-73.743346027736 -42.232007027277 90.854267232325
-79.887049574880 -29.701370286343 116.649638879041
-74.946666707463 -43.060396595462 143.050361794914
-85.752584757375 -25.550635537309 167.829950082551
-75.661514549616 -38.653071883006 196.288001602472
-81.850304049065 -29.791074339498 215.165727691535
-66.724979208569 -55.988905444222 14.500290516230
-54.843972187381 -64.899646005860 39.909566715090
-64.994706726307 -53.912398006683 65.376263426048
-54.428616218777 -63.354715807043 90.877573174817
-65.715991258044 -53.658420663519 116.391134570835
-55.983460015147 -64.266677914427 141.638591181546
-68.685251486446 -53.790980793484 167.882196551384
-55.689890701281 -63.137200427777 190.488976823699
-66.724979208569 -55.988905444222 215.165727691535
-43.551637119705 -75.433648244132 14.500290516230
-28.920275631111 -79.294688931299 39.969625419748
-41.981104407924 -71.705546412016 65.416958588571
-28.337594347166 -76.226274464902 90.876534590520
-42.582510222473 -71.245935855415 116.129487489416
-29.147066036614 -77.319477275714 140.763394484556
-43.746896887007 -72.509393379960 165.903952210837
-29.396906140154 -79.338890096504 190.233545934243
-43.551637119705 -75.433648244132 215.165727691535
-15.125324840497 -85.779979783720 14.500290516230
0.444893136470 -84.322563276264 40.160409210826
-14.030756482870 -80.982742708189 65.641194672499
0.970722830091 -80.257527056210 91.220090714713
-13.876182219327 -78.444875884799 115.909475648949
1.099361285564 -79.712138458269 140.522750925607
-14.529604496335 -81.576903390756 165.037619612291
0.446228509615 -84.674950055659 189.860745558527
-15.125324840497 -85.779979783720 215.165727691535
15.125324840496 -85.779979783720 14.500290516230
29.866449263536 -79.395935808068 40.509714830128
15.642820523008 -80.951584051657 66.174048598494
30.464259602953 -74.754003356656 92.017069238614
16.028101979870 -77.777642260286 116.192310905508
31.289584185076 -74.914064963585 139.680014142910
16.104546632671 -81.146992690599 164.816875849219
30.470653589316 -80.081167684851 189.865766794273
15.125324840496 -85.779979783720 215.165727691535
43.551637119705 -75.433648244132 14.500290516230
55.913877108038 -65.232584634513 40.420979710356
43.685448444034 -72.002873400523 66.757834301436
59.263025645664 -62.972108041632 90.663445256862
46.289791226657 -71.284257902389 115.901499899338
61.397893301613 -62.871018060638 137.975135009615
45.022655843314 -72.570512980617 163.673190869322
56.617207379859 -66.633901688368 189.395240690043
43.551637119705 -75.433648244132 215.165727691535
66.724979208569 -55.988905444222 14.500290516230
75.327204630771 -42.769909720483 40.692955273695
67.220021660721 -54.629099383547 65.883545279747
81.394990094728 -45.933289515953 86.167629709067
75.136654732717 -59.477802747378 110.591656098816
82.227781675113 -39.055079996181 134.522193215053
67.414837845998 -52.470468358753 161.696409486923
72.914549553443 -43.769684844115 187.148675483283
66.724979208569 -55.988905444222 215.165727691535
81.850304049065 -29.791074339498 14.500290516230
84.969174637042 -15.120246869639 41.094690170043
81.879955444882 -29.100679022563 67.397197155641
82.361379073466 -10.871432609344 82.548461554254
90.528388474436 -22.767286062977 107.209681403392
94.324786835229 -2.083656230677 140.330736886733
79.668892207119 -19.383772727047 151.795583514195
81.114967478285 -13.740261490552 185.493110572810
81.850304049065 -29.791074339498 215.165727691535
87.103274239411 0.000000000000 14.437154094789
83.983587803912 14.083660101678 40.019880959779
85.228628984417 0.720440726685 66.103540015741
83.152768075553 15.156604106096 91.219213459666
92.231800357243 -10.643789982815 98.791682992714
83.963400382555 15.481908793498 125.317104007302
90.802993424749 -4.445693130257 158.259521188147
80.163113812838 11.718218550819 184.351731148369
87.103274239411 0.000000000000 214.228864112972
81.850304049065 29.791074339498 14.437154094789
73.313635803217 41.072596111526 40.023179568091
77.464677560702 26.462405779541 66.257440971141
70.857116021489 36.700210585525 90.897436425724
84.948389971285 30.982284124038 118.019113567917
73.346055677298 39.539379329275 142.566873708163
81.198879943009 27.430482607046 161.047278764243
74.756294998836 39.807928833750 190.159366431337
81.850304049065 29.791074339498 214.228864112972
66.724979208569 55.988905444222 14.437154094789
54.206883749416 63.207053285731 39.938071905821
63.050517684716 50.698842132091 65.682098573223
53.043728635175 59.701344827717 91.003021955667
64.988188395587 49.744960062601 116.333432175065
54.436367882345 60.449076594111 141.190872495226
64.797919787822 50.292726069873 165.945613301775
55.141876797599 63.094864682493 190.353740272235
66.724979208569 55.988905444222 214.228864112972
43.551637119705 75.433648244132 14.437154094789
28.855725230258 78.082428736700 39.862882818767
41.337476063224 69.503953873551 65.445803060880
28.253344950515 74.385712570273 90.814944727842
41.741526674262 67.704307593721 116.455986969546
28.664971403783 74.048291275506 141.411673937383
42.149455338217 68.883851342458 165.806113480175
28.823065127811 77.054996834003 190.134144971573
43.551637119705 75.433648244132 214.228864112972
15.125324840497 85.779979783720 14.437154094789
-0.052705050845 83.069926567488 39.718751346677
14.396756713037 79.548989453100 65.519174626104
-0.110107973380 79.368020805115 91.186641060221
14.387481513165 76.454510721553 116.350048993137
-0.283159356716 77.885223654414 141.269955069695
14.264752628964 78.332612672736 165.838766699053
-0.222119532395 83.148170191057 190.119384704137
15.125324840497 85.779979783720 214.228864112972
-15.125324840497 85.779979783720 14.437154094789
-29.088425754177 78.073618184231 39.928548414472
-14.641142967226 79.096191430584 65.681627581042
-28.415027870882 73.770307330484 91.292526923846
-14.534586988652 76.583637484581 116.368189839003
-28.963221125124 73.187587390922 142.050052160328
-15.080824469311 80.084756980747 166.137643515406
-29.681812512422 78.637871574225 190.492007833320
-15.125324840497 85.779979783720 214.228864112972
-43.551637119705 75.433648244132 14.437154094789
-54.456072550831 63.474436787545 39.771917421339
-41.723215669514 69.615526701377 65.528490237621
-53.535919398843 59.263448647752 91.153123073028
-41.790987976002 66.304107529370 116.944430995527
-54.586486794774 58.512872615621 142.460455143088
-42.949988386780 68.629019674462 167.402879894984
-55.666921032176 62.172225486235 191.614891662046
-43.551637119705 75.433648244132 214.228864112972
-66.724979208569 55.988905444222 14.437154094789
-73.351438600289 41.097485654244 39.720214870306
-63.989216543519 50.838066476532 65.374889665893
-72.530257430251 37.768054306945 91.077304686892
-64.367111906061 48.075717767631 116.786444742529
-71.990270981949 34.114535464638 142.302375884400
-65.268288060905 48.314270651792 168.763218498024
-74.936054745301 39.282837971434 192.601844908745
-66.724979208569 55.988905444222 214.228864112972
-81.850304049065 29.791074339498 14.437154094789
-83.606706564491 13.872735289074 39.703653074948
-78.891104663466 26.503756500428 65.315446584821
-82.290359194594 11.827796822336 91.188850306058
-77.925799218746 21.672455408324 117.408667838511
-84.465464694190 9.843353411556 153.462380948282
-86.474806634605 19.380319068694 169.228617019240
-84.498724587562 10.288550674376 201.504514460100
-81.850304049065 29.791074339498 214.228864112972
-87.103274239411 0.000000000000 14.437154094789
-83.642692719904 -15.097417154009 39.631996613572
-83.987802321759 -1.161663953469 65.278479755316
-82.220523041677 -15.426521328765 90.870674254974
-82.142640913045 -2.495748506067 116.914624085746
-78.289352236353 -12.576891851724 143.389046574606
-72.271217143232 24.487552007646 166.120107331098
-81.403488303661 -5.823555811605 184.941948657194
-87.103274239411 0.000000000000 214.228864112972
-81.850304049065 -29.791074339498 14.437154094789
-73.412574231185 -42.265353047916 39.573784256857
-78.763584630420 -28.799121945228 65.055641786994
-72.314733259645 -41.328046865948 90.446641878067
-78.497750320718 -29.293868439000 116.166081504522
-73.559877232422 -42.222442234043 142.633700056896
-84.425472427384 -25.043305977743 167.267040070189
-74.921142251871 -38.239226281119 195.584024097562
-81.850304049065 -29.791074339498 214.228864112972
-66.724979208569 -55.988905444222 14.437154094789
-54.260631474363 -64.249812669370 39.569013005249
-63.908531299583 -53.006210415738 64.946847954354
-53.346861115471 -62.074015210332 90.396820433717
-64.440147214236 -52.551069979702 115.940047314196
-54.892947278346 -62.994953872274 141.133260314666
-67.646851061369 -52.915656049308 167.306252702373
-55.117133456152 -62.469442553950 189.819346405961
-66.724979208569 -55.988905444222 214.228864112972
-43.551637119705 -75.433648244132 14.437154094789
-28.579383017688 -78.444645546920 39.682756891628
-41.262198140868 -70.543943187880 64.983887734014
-27.710006973900 -74.684970090212 90.382136973270
-41.642265458667 -69.714339672311 115.627408057121
-28.492798304938 -75.697940707903 140.302583329934
-43.002326338746 -71.269594468175 165.385663659300
-29.049234145987 -78.515575554756 189.550103697295
-43.551637119705 -75.433648244132 214.228864112972
-15.125324840497 -85.779979783720 14.437154094789
0.512033518053 -83.447895871072 39.899773579083
-13.690315510899 -79.568261382792 65.224407722738
1.096431284496 -78.538802170974 90.786685083152
-13.544475502681 -76.736333129488 115.432864466576
1.147398352911 -78.037724332599 140.065819440917
-14.276189695320 -80.213809353702 164.480004623066
0.424466999652 -83.773581106715 189.143281522436
-15.125324840497 -85.779979783720 214.228864112972
15.125324840496 -85.779979783720 14.437154094789
29.653033992102 -78.603673784016 40.200761768623
15.480879697915 -79.603765797540 65.794459997140
30.018218298099 -73.185802864394 91.672200866626
15.864446384953 -76.116338989588 115.811963730143
30.883396524499 -73.365437363462 139.188482985991
15.893997559323 -79.779486965669 164.230302777642
30.195372232788 -79.222676962172 189.228137488028
15.125324840496 -85.779979783720 214.228864112972
43.551637119705 -75.433648244132 14.437154094789
55.441386485709 -64.634390157511 40.098486236477
43.134695387389 -70.994693800478 66.456336228583
58.491989783633 -61.749294153165 90.352704050657
45.629104349250 -69.830894899649 115.512432526219
60.603702556602 -61.815400947684 137.452599195697
44.394508512540 -71.423980024270 163.153829220550
56.174801952432 -65.993622526388 188.709020513133
43.551637119705 -75.433648244132 214.228864112972
66.724979208569 -55.988905444222 14.437154094789
74.698063718037 -42.329067572764 40.416703660267
66.393904155393 -53.821623365143 65.506200274191
80.368767531854 -45.277710657006 85.795661460285
74.077577986515 -58.524925549342 110.258177533707
81.169939936656 -38.327448160303 134.014821742668
66.400635225177 -51.603973061569 161.081884415486
72.260224458262 -43.442737908259 186.464475288831
66.724979208569 -55.988905444222 214.228864112972
81.850304049065 -29.791074339498 14.437154094789
84.290511005529 -14.986177949804 40.876795363116
80.926007882038 -28.763657448964 67.050566599302
81.028519963400 -10.609947034715 82.141374911881
89.119314562987 -22.162288053769 106.806271046386
93.132000839400 -1.901980677095 139.855799131196
78.547337443084 -18.742884105987 151.168424514208
80.222676966310 -13.622259840662 184.888998755318
81.850304049065 -29.791074339498 214.228864112972
87.103274239411 0.000000000000 14.374017673349
83.254898750534 13.927897931047 39.711126927181
84.118313693658 0.693606647417 65.693724114556
81.815253357020 14.877193251251 90.754355471380
90.881811929513 -10.752359676801 98.263931623097
82.607765067992 15.118997387656 124.713634218050
89.755636748955 -4.667585180919 157.596400563510
79.428377475505 11.513308447995 183.651277707217
87.103274239411 0.000000000000 213.292000534408
81.850304049065 29.791074339498 14.374017673349
72.643379046334 40.646152308583 39.691962577271
76.367570065404 25.984198208216 65.819261723410
69.714325596458 35.931026566241 90.339522917352
83.707897823886 30.426363009689 117.467143621211
72.163720293705 38.713605012493 141.983091604852
80.113079580991 26.907445059760 160.396159731923
74.110952247369 39.373850925586 189.457842153038
81.850304049065 29.791074339498 213.292000534408
66.724979208569 55.988905444222 14.374017673349
53.712964395396 62.587916388314 39.592039139990
62.064346823585 49.779009715501 65.193152550264
52.182265294965 58.513362433566 90.497349659667
63.944526154496 48.679458637870 115.747401453045
53.607174418792 59.290111137723 140.636327869779
63.928985979750 49.469701171121 165.358534705139
54.691063120327 62.498251236796 189.691018874822
66.724979208569 55.988905444222 213.292000534408
43.551637119705 75.433648244132 14.374017673349
28.618273283886 77.363318839667 39.530803371618
40.749741233445 68.390938129988 65.013822750602
27.804980415842 72.884921845032 90.387368000767
41.089138300666 66.325997351407 115.966072113253
28.310302053241 72.713660961619 140.923689215318
41.742751751130 68.078375776587 165.227852960052
28.606596708208 76.347187897768 189.493368612254
43.551637119705 75.433648244132 213.292000534408
15.125324840497 85.779979783720 14.374017673349
-0.021435013732 82.273641484939 39.382661620010
14.251054040088 78.331014034076 65.125261661908
-0.033537424027 77.853110499888 90.737098590743
14.226678013460 74.970847065877 115.917766430485
-0.199452384136 76.386974223577 140.794507277654
14.205727989057 77.363105342482 165.299921515272
-0.201358972044 82.373913984270 189.458506682203
15.125324840497 85.779979783720 213.292000534408
-15.125324840497 85.779979783720 14.374017673349
-28.803984980233 77.314235083405 39.586260361242
-14.378198408677 77.850052210039 65.230242696583
-27.837428184149 72.315275264339 90.790117306767
-14.238520443739 74.942316840298 115.814256219647
-28.384372156034 71.682006209976 141.530499147670
-14.791018481205 78.773603182246 165.597353465094
-29.397727161571 77.869281117619 189.825065060295
-15.125324840497 85.779979783720 213.292000534408
-43.551637119705 75.433648244132 14.374017673349
-53.946615521758 62.845192002629 39.448510102169
-41.072994479917 68.504123054709 65.075138759809
-52.571186306125 58.059361386535 90.655086983194
-40.849079264854 64.726989195173 116.377042239703
-53.621890685133 57.263074799742 141.930480813393
-42.289634061633 67.460983844492 166.841226680430
-55.137853519844 61.527721622737 190.948541235289
-43.551637119705 75.433648244132 213.292000534408
-66.724979208569 55.988905444222 14.374017673349
-72.710833325317 40.707357484777 39.417742789646
-63.060846766938 50.005850352480 64.941116892731
-71.374046898396 37.028841233505 90.619126349286
-63.323439563993 47.037131175247 116.271931452643
-70.804664927863 33.298629292656 141.766496809170
-64.307355515212 47.387770105801 168.207124598217
-74.165285131704 38.808861535443 191.906567564425
-66.724979208569 55.988905444222 213.292000534408
-81.850304049065 29.791074339498 14.374017673349
-82.899143703958 13.747915265456 39.409801331831
-77.842963657663 26.089879059810 64.946366662619
-81.010409281040 11.588220447878 90.779655172664
-76.822895206240 21.165232791067 116.920826264116
-83.194400133892 9.592031882006 153.028387426918
-85.440203465963 18.797129705882 168.637990809814
-83.443497723281 10.098961387146 200.819230977126
-81.850304049065 29.791074339498 213.292000534408
-87.103274239411 0.000000000000 14.374017673349
-82.911335607148 -14.940972134630 39.353322554929
-82.839736547156 -1.140526664400 64.918014673344
-80.886172318325 -15.140447773425 90.467664494440
-80.797515919111 -2.450927952656 116.495774247729
-76.901174990068 -12.270432250928 142.923604227805
-71.050611062167 24.623416438563 165.596632210784
-80.588656563873 -5.613148910443 184.339286211741
-87.103274239411 0.000000000000 213.292000534408
-81.850304049065 -29.791074339498 14.374017673349
-72.760348565622 -41.851035512588 39.287203265489
-77.661079060691 -28.350429034923 64.684210561773
-71.099827550507 -40.543211754524 90.027027531670
-77.067384448671 -28.692655936988 115.715518065561
-72.320112162261 -41.437153766630 142.161915586970
-83.234053584243 -24.561189050351 166.729509218555
-74.081007831625 -37.708948596189 194.986013951480
-81.850304049065 -29.791074339498 213.292000534408
-66.724979208569 -55.988905444222 14.374017673349
-53.764563713931 -63.616082935507 39.264261135860
-62.983535517543 -52.165334899009 64.560469386362
-52.411766674453 -60.861931575098 89.961300640895
-63.288662210048 -51.468091506967 115.487958175418
-53.965217939443 -61.770037288707 140.642755397798
-66.687038304370 -52.024844701027 166.757214732343
-54.594335109761 -61.803109616503 189.175677450012
-66.724979208569 -55.988905444222 213.292000534408
-43.551637119705 -75.433648244132 14.374017673349
-28.315043480348 -77.666906315321 39.359585454967
-40.633358901334 -69.393437738931 64.570969933703
-27.201449246405 -73.199273821279 89.931301751811
-40.881391370081 -68.256017262396 115.170055131873
-27.989556303950 -74.182954111825 139.827575523623
-42.384596362620 -70.110743497667 164.840574929743
-28.774598545531 -77.736141027802 188.895677216371
-43.551637119705 -75.433648244132 213.292000534408
-15.125324840497 -85.779979783720 14.374017673349
0.523518923380 -82.595135379349 39.577773442022
-13.465108394812 -78.267264003979 64.797548114687
1.111389294228 -77.000083858570 90.321378300039
-13.296970174227 -75.088693047647 114.956674873586
1.141492473337 -76.393524622393 139.606483316081
-14.053681453478 -78.875328623509 163.958712652804
0.427641768637 -82.932099494703 188.482356077290
-15.125324840497 -85.779979783720 213.292000534408
15.125324840496 -85.779979783720 14.374017673349
29.393724595217 -77.787548626754 39.890497910614
15.272344714224 -78.266239091180 65.363325770602
29.536793174507 -71.636094500694 91.212762822444
15.609602865853 -74.435920116900 115.347900565196
30.388340459586 -71.776460862478 138.705018246688
15.684795498110 -78.434820271461 163.703183002753
29.924284550205 -78.412512648684 188.547087526566
15.125324840496 -85.779979783720 213.292000534408
43.551637119705 -75.433648244132 14.374017673349
54.944061842576 -63.966050715484 39.800368141345
42.508830989152 -69.753044810058 66.047226286840
57.591156948985 -60.429912212378 89.918080649060
44.864969634357 -68.310643879277 115.031559563792
59.680420102132 -60.505971875737 136.934905788422
43.760043015819 -70.206963601316 162.572592359634
55.635488098278 -65.319444742252 188.006546613141
43.551637119705 -75.433648244132 213.292000534408
66.724979208569 -55.988905444222 14.374017673349
74.040531664274 -41.910459199739 40.128689556659
65.490128729329 -52.941665260676 65.117667463707
79.162599229875 -44.454626850664 85.415162632863
72.969332778238 -57.417822128707 109.787876160617
79.878983386448 -37.412363588617 133.461949148948
65.380252472010 -50.640840637327 160.466212693870
71.489029492205 -42.975316272278 185.784715104429
66.724979208569 -55.988905444222 213.292000534408
81.850304049065 -29.791074339498 14.374017673349
83.554351503214 -14.854691742712 40.578784924213
79.838925808123 -28.324066506268 66.659572019619
79.548716033664 -10.277300799342 81.708382634042
87.711010695644 -21.503881183065 106.398725522203
91.797078797401 -1.534430660874 139.314724015541
77.300231690693 -18.042279102937 150.579354370437
79.417505791443 -13.479207797552 184.214337248799
81.850304049065 -29.791074339498 213.292000534408
87.103274239411 0.000000000000 14.310881251909
82.552628878863 13.769158077938 39.375800225194
83.125447679067 0.643604100796 65.202929643190
80.656870325548 14.515010880187 90.265486176013
89.670814394327 -10.905858648587 97.740534893955
81.353725372438 14.742281229544 124.140073660718
88.800815680507 -4.912382667966 156.962963769133
78.786732128237 11.328846753918 182.965250523624
87.103274239411 0.000000000000 212.355136955845
81.850304049065 29.791074339498 14.310881251909
72.015840993109 40.232906555817 39.361247537700
75.357364317385 25.522738405637 65.385789889909
68.665852961460 35.174115992543 89.923989724407
82.577386048154 29.883107725283 116.991664357201
71.139954153240 37.978471141694 141.502826222990
79.154631735475 26.401291595667 159.782911967343
73.692186427287 38.996115413916 188.756442539650
81.850304049065 29.791074339498 212.355136955845
66.724979208569 55.988905444222 14.310881251909
53.245364410378 61.953470015952 39.244528172135
61.257243509352 48.991967713348 64.769070461589
51.405773910951 57.401693181499 90.055865165098
63.204557988807 47.977731515560 115.401765904109
52.945501824372 58.276483390764 140.193740946973
63.208555664588 48.646479145543 164.843312150844
54.314795006338 61.879264410715 189.056918723111
66.724979208569 55.988905444222 212.355136955845
43.551637119705 75.433648244132 14.310881251909
28.381156662332 76.573648474512 39.162191685493
40.220598398626 67.276417316327 64.547101939037
27.448715219407 71.495743523103 89.924587235741
40.538187045831 65.058676150109 115.520101944205
28.084322616728 71.442033974290 140.503549919031
41.165829685950 66.721110993739 164.773373473362
28.435291499019 75.581818165131 188.871089063469
43.551637119705 75.433648244132 212.355136955845
15.125324840497 85.779979783720 14.310881251909
0.002379781630 81.427118233144 39.007601239714
14.115551504683 77.034128543079 64.633919692167
0.050921625558 76.290374631883 90.243212359299
14.109159894931 73.390196989756 115.378359429157
-0.087189670010 74.837130207551 140.327496130550
14.026629360514 75.882082310474 164.810799375058
-0.167906185613 81.532655255109 188.834869132868
15.125324840497 85.779979783720 212.355136955845
-15.125324840497 85.779979783720 14.310881251909
-28.520886979869 76.518405446514 39.215841006289
-14.124138127084 76.511630566662 64.749521497267
-27.320228961903 70.813575640063 90.295766553876
-13.871989528576 73.269771542430 115.364887766227
-27.843256288375 70.203052005718 141.056999535334
-14.536205139830 77.570516008050 165.059114585803
-29.103366382125 77.093191954101 189.187690327501
-15.125324840497 85.779979783720 212.355136955845
-43.551637119705 75.433648244132 14.310881251909
-53.453877100630 62.218266363890 39.083286447821
-40.455043806436 67.351712720378 64.591729607980
-51.727407673605 56.882556875728 90.142903429376
-40.178315047064 63.355110451258 115.920405766955
-52.711699869829 56.047729853409 141.436446363147
-41.628685544714 66.298304473070 166.328036647574
-54.598182664561 60.874320694654 190.318015839971
-43.551637119705 75.433648244132 212.355136955845
-66.724979208569 55.988905444222 14.310881251909
-72.069816595901 40.311265639970 39.071089042618
-62.172576722578 49.163217547325 64.462195079714
-70.463127453756 36.395947780179 90.088802644932
-62.336300323842 46.053616731253 115.738842508504
-69.641979769408 32.488355660453 141.228568671373
-63.341006980068 46.460423887368 167.687944966453
-73.376178062833 38.349969429316 191.247192948483
-66.724979208569 55.988905444222 212.355136955845
-81.850304049065 29.791074339498 14.310881251909
-82.178664514463 13.619244280095 39.083381025827
-76.819765229866 25.685706714445 64.493832175273
-79.778641181003 11.386177367414 90.300036766869
-75.751425243234 20.761853689808 116.340617439627
-81.933710345910 9.378741409866 152.567274418676
-84.384655045446 18.234198341996 168.073594307438
-82.344904504541 9.936514081637 200.188479382073
-81.850304049065 29.791074339498 212.355136955845
-87.103274239411 0.000000000000 14.310881251909
-82.189074016018 -14.788492387384 39.036224577718
-81.731075645684 -1.111568091979 64.510402086878
-79.554447235204 -14.830617450328 90.020513144726
-79.404517970383 -2.409189967995 116.041131245410
-75.502034577231 -11.900721307414 142.453341250437
-69.819115806855 24.784456005393 165.109564871482
-79.793398198628 -5.380763301685 183.774968069559
-87.103274239411 0.000000000000 212.355136955845
-81.850304049065 -29.791074339498 14.310881251909
-72.114667746734 -41.430815906535 38.962566676953
-76.570029991322 -27.876259868831 64.267253885571
-69.897535133028 -39.727817023324 89.572422022539
-75.735621191132 -28.095508724264 115.274598357062
-71.059745795276 -40.603721590351 141.702959605459
-81.999693891300 -24.025568383607 166.234275964936
-73.202830138879 -37.155104259752 194.448353200986
-81.850304049065 -29.791074339498 212.355136955845
-66.724979208569 -55.988905444222 14.310881251909
-53.274856651330 -62.971728816193 38.921827629480
-62.077841972904 -51.298196628700 64.125418277744
-51.511819907896 -59.653385171982 89.479317380519
-62.218490819864 -50.425381622054 114.995796771736
-53.030345058599 -60.550224522617 140.151113696743
-65.676128597678 -51.095499786361 166.247563185623
-54.021798846422 -61.110591305558 188.578394758775
-66.724979208569 -55.988905444222 212.355136955845
-43.551637119705 -75.433648244132 14.310881251909
-28.043158136004 -76.875185221370 38.998918719767
-40.027968008973 -68.237782106445 64.107771393680
-26.718404689434 -71.777233297995 89.419546233734
-40.169683460189 -66.879876799217 114.670085185660
-27.489867983194 -72.775168272236 139.320440922890
-41.726968761020 -68.949882624089 164.310643227059
-28.468716967085 -76.951281895863 188.266080623510
-43.551637119705 -75.433648244132 212.355136955845
-15.125324840497 -85.779979783720 14.310881251909
0.541838157352 -81.748403034003 39.216353951624
-13.228893125406 -76.972369765856 64.322180840871
1.173159461845 -75.574052411448 89.812854073824
-13.138698147659 -73.791733477533 114.416977655184
1.237252345705 -74.976068981287 139.094375598084
-13.793579860226 -77.609302325577 163.426138982260
0.455110147306 -82.119016977287 187.842904940692
-15.125324840497 -85.779979783720 212.355136955845
15.125324840496 -85.779979783720 14.310881251909
29.156879595490 -76.997713546871 39.553429001497
15.118126066985 -76.977114110497 64.900938213105
29.175258836914 -70.209493027839 90.727145200143
15.578853151825 -73.125443862618 114.838896169090
30.200611218456 -70.692772911167 138.250553590594
15.556330123726 -77.227616528032 163.189077104641
29.681983631014 -77.650779216680 187.899239519898
15.125324840496 -85.779979783720 212.355136955845
43.551637119705 -75.433648244132 14.310881251909
54.485017824068 -63.338462345800 39.480286812375
42.007103290238 -68.688146569820 65.642827366246
56.831630028182 -59.219701353421 89.466935618079
44.303170005580 -67.026370422062 114.579113427887
59.041898953006 -59.607933672871 136.483362906655
43.261257247117 -69.171219906459 162.055554640084
55.123313338646 -64.666080079253 187.339258939071
43.551637119705 -75.433648244132 212.355136955845
66.724979208569 -55.988905444222 14.310881251909
73.441058177721 -41.533470042283 39.794400707227
64.690614445624 -52.150098270872 64.690084965011
78.202793374658 -43.795713751019 84.944384423961
72.011660473834 -56.445221395125 109.320456806893
78.702594814615 -36.592209250341 132.927379560072
64.442302325857 -49.749719317437 159.899391868600
70.675292460775 -42.459161088867 185.127482746959
66.724979208569 -55.988905444222 212.355136955845
81.850304049065 -29.791074339498 14.310881251909
82.874573596515 -14.749607881857 40.234460593550
78.942916241381 -28.016312970933 66.172981232519
78.791251910673 -10.263103237746 80.966854912091
86.477878805842 -20.925738615298 105.946396935919
90.543413610394 -1.188581195665 138.790137676765
76.080857785124 -17.317983771592 150.014487929826
78.626418466370 -13.321161007163 183.559450545528
81.850304049065 -29.791074339498 212.355136955845
87.103274239411 0.000000000000 14.247744830469
81.966232739982 13.531788047786 39.037620171330
82.564167868833 0.423281317063 64.760228990965
79.663368266288 13.970990922296 89.752967945856
88.681773881993 -11.270943604548 97.184646280938
80.328842036002 14.191334064222 123.539324062803
88.071799921211 -5.262540342337 156.291309550911
78.227696751120 11.072042956760 182.258799859633
87.103274239411 0.000000000000 211.418273377281
81.850304049065 29.791074339498 14.247744830469
71.456225921634 39.779635259777 39.019697307478
74.474836797438 24.881483213379 64.925871818362
67.570880912820 34.113326337677 89.443373473249
81.576482075788 29.117244265168 116.434217665955
70.184725046115 37.051903944388 140.911035328685
78.269943650508 25.802129673076 159.142924141150
73.044185914700 38.511810051450 188.095149225597
81.850304049065 29.791074339498 211.418273377281
66.724979208569 55.988905444222 14.247744830469
52.821732866808 61.303616883463 38.895675246196
60.496480495178 48.084947445336 64.325245181864
50.628762460981 56.136984502285 89.547875924978
62.211817895406 46.703521631804 114.736342482296
52.284868613067 57.177589020594 139.628001695247
62.447950597670 47.765856906978 164.267947909770
53.877375206033 61.265873849292 188.428949595609
66.724979208569 55.988905444222 211.418273377281
43.551637119705 75.433648244132 14.247744830469
28.107380883847 75.695826233807 38.776815074807
39.724402992285 66.123566192862 64.095222755661
27.052375713169 70.055548786382 89.425499094434
39.916074834052 63.630782903592 114.995106226971
27.663850158384 70.050144742160 140.034695630726
40.686070547407 65.685112579031 164.242720390367
28.259126749881 74.966869538924 188.260974203648
43.551637119705 75.433648244132 211.418273377281
15.125324840497 85.779979783720 14.247744830469
0.013091449243 80.624614642169 38.636895733553
13.963040352514 75.811408382153 64.189779475734
0.084369726297 74.840606119193 89.738019104996
13.891583273515 72.006542076401 114.940567506997
-0.197084622637 73.606057359579 139.879912813271
13.842687666707 74.774985230320 164.331981027543
-0.156095355960 80.881833438129 188.230118057947
15.125324840497 85.779979783720 211.418273377281
-15.125324840497 85.779979783720 14.247744830469
-28.246438074062 75.802288281605 38.846952623361
-13.887379287168 75.308750629936 64.273642987951
-26.835206011957 69.477704938144 89.805220442108
-13.636696342374 71.905803365890 114.904336984400
-27.469567696662 68.986653513868 140.618976027857
-14.363463595091 76.623558713816 164.546957283594
-28.902181929513 76.505764725939 188.558470764527
-15.125324840497 85.779979783720 211.418273377281
-43.551637119705 75.433648244132 14.247744830469
-52.980426394775 61.652077841858 38.723591367825
-39.854253261070 66.318139406413 64.121488287091
-50.844198737448 55.791694040024 89.647815087144
-39.556367226123 62.099885670944 115.461102355409
-51.966034408761 55.004236158922 140.957588764090
-41.307409743957 65.494416785046 165.821607826064
-54.200156412190 60.354040841622 189.690519121979
-43.551637119705 75.433648244132 211.418273377281
-66.724979208569 55.988905444222 14.247744830469
-71.467622099712 39.956941663542 38.722032546456
-61.373336563075 48.487310465362 64.023744572707
-69.269379160202 35.674535816735 89.571351275440
-61.335527020275 45.092810733753 115.215221735499
-68.716725883282 31.766139443770 140.680834820184
-62.602902426867 45.699167552664 167.163522074280
-72.761921955458 37.957457041614 190.593401248520
-66.724979208569 55.988905444222 211.418273377281
-81.850304049065 29.791074339498 14.247744830469
-81.574425832819 13.510271157423 38.711117619370
-75.822531722294 25.326193433140 64.041806848216
-78.635874974327 11.188228028918 89.807857302885
-74.992679384658 20.384186197746 115.670358024866
-81.114339678423 9.187986783438 152.092752620107
-83.610255535024 17.760584534983 167.510773722244
-81.533002060127 9.779229594111 199.555393534794
-81.850304049065 29.791074339498 211.418273377281
-87.103274239411 0.000000000000 14.247744830469
-81.500043975538 -14.637711822909 38.699004651945
-80.646209253328 -1.067660471595 64.056275949950
-78.352744984787 -14.523522040830 89.572028455520
-78.471964972577 -2.377955561603 115.606707019816
-75.015808291744 -11.912807080220 142.037702723918
-69.039383777538 24.806275427439 164.603985021786
-79.119040098334 -5.263660725255 183.240361631059
-87.103274239411 0.000000000000 211.418273377281
-81.850304049065 -29.791074339498 14.247744830469
-71.476402854777 -41.036675689040 38.621925811320
-75.551436281483 -27.428417459595 63.837566687735
-68.753113195226 -38.960546515129 89.110096753741
-74.593291236941 -27.540743608342 114.801420400994
-70.175804546600 -40.006804535098 141.262487935783
-81.363094049319 -23.764817983167 165.750912815064
-72.565490985850 -36.757362968646 193.910079784346
-81.850304049065 -29.791074339498 211.418273377281
-66.724979208569 -55.988905444222 14.247744830469
-52.781586667560 -62.387673097825 38.564709828924
-61.177786027193 -50.495866052795 63.674830746292
-50.616537503686 -58.524818215576 88.997534225705
-61.164138107235 -49.426373649298 114.547494110534
-52.231414465803 -59.498086085267 139.688362793946
-65.046493404052 -50.569309026851 165.738672300154
-53.573748405458 -60.581428700403 187.978273859898
-66.724979208569 -55.988905444222 211.418273377281
-43.551637119705 -75.433648244132 14.247744830469
-27.754371595613 -76.167095223919 38.627835197333
-39.405024575513 -67.184533262012 63.632358535935
-26.194028947586 -70.404992059060 88.907589857074
-39.446713843246 -65.572534651088 114.192274619519
-26.971560923983 -71.464616981877 138.843085678443
-41.168677100568 -67.966139964404 163.798065844263
-28.186374282753 -76.269045554477 187.646951539727
-43.551637119705 -75.433648244132 211.418273377281
-15.125324840497 -85.779979783720 14.247744830469
0.603303382412 -81.007945041718 38.851444544021
-12.942474560999 -75.772906892757 63.829373654954
1.310448445155 -74.109096675402 89.292826626826
-12.827973333091 -72.349243786067 113.906234437681
1.435875530831 -73.694378320828 138.591420946511
-13.501860026749 -76.493220820984 162.915002297604
0.520220963688 -81.421065883984 187.211356193063
-15.125324840497 -85.779979783720 211.418273377281
15.125324840496 -85.779979783720 14.247744830469
28.998104508651 -76.328321104517 39.208266384803
15.064033452807 -75.813148062107 64.423094327449
28.962636811915 -68.942637634963 90.224475365492
15.586280272026 -71.848028847870 114.319955397858
30.179658279650 -69.832347690501 137.665258382951
15.543388887733 -76.218671813444 162.640584629326
29.528448867288 -77.031605556395 187.239251681414
15.125324840496 -85.779979783720 211.418273377281
43.551637119705 -75.433648244132 14.247744830469
54.132059662779 -62.828125943895 39.154300269188
41.649671204535 -67.754527251502 65.225063444774
56.291932779219 -58.273745912710 89.004190287829
43.950391313096 -65.991677955485 114.065634927709
58.579949803890 -58.923637363719 135.918455369998
42.925990830615 -68.372091430706 161.465217334669
54.786791597836 -64.203445143099 186.635166874313
43.551637119705 -75.433648244132 211.418273377281
66.724979208569 -55.988905444222 14.247744830469
72.948297523938 -41.248960365012 39.470415544798
64.092718728346 -51.536798910060 64.269820805847
77.431042220308 -43.327334993157 84.490159115186
71.316423458892 -55.750307278409 108.808188914122
77.838125563537 -36.079724687522 132.329334951173
63.794578505307 -49.154775982376 159.268732340608
70.334599524242 -42.306097470681 184.387415939119
66.724979208569 -55.988905444222 211.418273377281
81.850304049065 -29.791074339498 14.247744830469
82.328659253742 -14.733787584695 39.903672113424
78.305603787116 -27.856615753964 65.728662854484
77.925044842425 -10.304669627177 80.377508463095
85.506685308972 -20.586209586255 105.461994755613
89.597729095747 -1.096931090620 138.208624610090
75.241785082888 -16.915204265514 149.379229403893
78.273438156344 -13.280186117516 182.831508294035
81.850304049065 -29.791074339498 211.418273377281
87.103274239411 0.000000000000 14.184608409028
81.362516263130 13.316301101577 38.686409571568
81.811836021340 0.292161046747 64.345038982470
78.543024503200 13.632427145890 89.264598631267
87.625768340584 -11.441903937994 96.703710543368
79.428886122753 13.981010076170 123.026841905841
87.490272615271 -5.369503713422 155.492699705196
77.536791039916 11.022875684469 181.536595182859
87.103274239411 0.000000000000 210.481409798717
81.850304049065 29.791074339498 14.184608409028
70.841049973331 39.284609264961 38.600403969503
73.531780749133 24.329343246633 64.427506939623
66.541528738550 33.424009992473 88.835863670379
80.527272349880 28.689844957029 115.838976421782
69.481365972570 36.615942634985 140.354064314582
77.314226529518 25.405522453314 158.481188232042
72.512526591235 38.235757421932 187.340792312134
81.850304049065 29.791074339498 210.481409798717
66.724979208569 55.988905444222 14.184608409028
52.332954742937 60.667639019497 38.441641404157
59.559832403874 47.131898137000 63.718269437667
49.785630178978 55.174114929159 88.915089363327
61.373952060951 46.119423758561 114.211267826841
51.648219941967 56.542224429448 138.868922431359
61.305373248837 47.002158444391 163.632180882819
53.380211351676 61.136782410845 187.535389718060
66.724979208569 55.988905444222 210.481409798717
43.551637119705 75.433648244132 14.184608409028
27.909241126267 75.132356729382 38.349298386416
39.107377971265 65.116913396630 63.496758221518
26.503414651565 68.955505891082 88.8134798